160065   -1.000000
160101   -1.000000
160445   -1.000000
160593   -1.000000
160706   -1.000000
160708   -1.000000
160710   -1.000000
161081   -1.000000
161086   -1.000000
161088   -1.000000
161091   -1.000000
161093   -1.000000
161124   -1.000000
161127   -1.000000
161188   -1.000000
161314   -1.000000
161366   -1.000000
161590   -1.000000
161591   -1.000000
161592   -1.000000
161593   -1.000000
161599   -1.000000
161600   -1.000000
161604   -1.000000
161605   -1.000000
161610   -1.000000
161611   -1.000000
162350   -1.000000
162416   -1.000000
162528   -1.000000
162529   -1.000000
162530   -1.000000
162531   -1.000000
162532   -1.000000
162533   -1.000000
162534   -1.000000
162535   -1.000000
162536   -1.000000
162537   -1.000000
162540   -1.000000
162556   -1.000000
162557   -1.000000
162558   -1.000000
162731   -1.000000
162748   -1.000000
162749   -1.000000
162750   -1.000000
162752   -1.000000
162753   -1.000000
162754   -1.000000
162787   -1.000000
162788   -1.000000
162800   -1.000000
162801   -1.000000
162866   -1.000000
162867   -1.000000
162868   -1.000000
162869   -1.000000
162872   -1.000000
162874   -1.000000
162875   -1.000000
162889   -1.000000
162891   -1.000000
162892   -1.000000
162895   -1.000000
162897   -1.000000
162900   -1.000000
162905   -1.000000
162908   -1.000000
162922   -1.000000
163021   -1.000000
163144   -1.000000
163145   -1.000000
163147   -1.000000
163149   -1.000000
163151   -1.000000
163152   -1.000000
163153   -1.000000
163156   -1.000000
163157   -1.000000
163158   -1.000000
163161   -1.000000
163162   -1.000000
163163   -1.000000
163164   -1.000000
163165   -1.000000
163166   -1.000000
163167   -1.000000
163168   -1.000000
163169   -1.000000
163170   -1.000000
163171   -1.000000
163172   -1.000000
163173   -1.000000
163174   -1.000000
163175   -1.000000
163176   -1.000000
163177   -1.000000
163178   -1.000000
163179   -1.000000
163180   -1.000000
163536   -1.000000
163540   -1.000000
163542   -1.000000
163660   -1.000000
163754   -1.000000
164275   -1.000000
164283   -1.000000
164287   -1.000000
164325   -1.000000
164326   -1.000000
164337   -1.000000
164349   -1.000000
164478   -1.000000
164479   -1.000000
164482   -1.000000
164483   -1.000000
164484   -1.000000
164485   -1.000000
164492   -1.000000
164493   -1.000000
164494   -1.000000
164495   -1.000000
164496   -1.000000
164497   -1.000000
164498   -1.000000
164499   -1.000000
164500   -1.000000
164501   -1.000000
164502   -1.000000
164503   -1.000000
164504   -1.000000
164506   -1.000000
164507   -1.000000
164508   -1.000000
164509   -1.000000
164510   -1.000000
164511   -1.000000
164512   -1.000000
164513   -1.000000
164515   -1.000000
164517   -1.000000
164518   -1.000000
164519   -1.000000
164520   -1.000000
164521   -1.000000
164522   -1.000000
164523   -1.000000
164527   -1.000000
164531   -1.000000
164533   -1.000000
164535   -1.000000
164537   -1.000000
164542   -1.000000
164595   -1.000000
164597   -1.000000
164599   -1.000000
164607   -1.000000
164608   -1.000000
164610   -1.000000
164613   -1.000000
164655   -1.000000
164658   -1.000000
164660   -1.000000
164663   -1.000000
165020   -1.000000
165030   -1.000000
165170   -1.000000
165339   -1.000000
165484   -1.000000
165526   -1.000000
165690   -1.000000
165742   -1.000000
165743   -1.000000
165744   -1.000000
165745   -1.000000
165747   -1.000000
165750   -1.000000
165751   -1.000000
165752   -1.000000
165754   -1.000000
165756   -1.000000
165757   -1.000000
165758   -1.000000
165759   -1.000000
165760   -1.000000
165762   -1.000000
165766   -1.000000
165767   -1.000000
165768   -1.000000
165769   -1.000000
165770   -1.000000
165771   -1.000000
165772   -1.000000
165773   -1.000000
165888   -1.000000
165889   -1.000000
165895   -1.000000
165933   -1.000000
165937   -1.000000
165951   -1.000000
166169   -1.000000
166174   -1.000000
166303   -1.000000
166337   -1.000000
166338   -1.000000
166339   -1.000000
166340   -1.000000
166354   -1.000000
166355   -1.000000
166361   -1.000000
166386   -1.000000
166387   -1.000000
166394   -1.000000
166412   -1.000000
166480   -1.000000
166488   -1.000000
166489   -1.000000
166490   -1.000000
166491   -1.000000
166492   -1.000000
166494   -1.000000
166495   -1.000000
166496   -1.000000
166497   -1.000000
166501   -1.000000
166504   -1.000000
166505   -1.000000
166507   -1.000000
166508   -1.000000
166509   -1.000000
166516   -1.000000
166517   -1.000000
166519   -1.000000
166520   -1.000000
166521   -1.000000
166522   -1.000000
166523   -1.000000
166524   -1.000000
166525   -1.000000
166526   -1.000000
166529   -1.000000
166530   -1.000000
166531   -1.000000
166532   -1.000000
166533   -1.000000
166534   -1.000000
166535   -1.000000
166536   -1.000000
166537   -1.000000
166538   -1.000000
166539   -1.000000
166540   -1.000000
166541   -1.000000
166542   -1.000000
166543   -1.000000
166572   -1.000000
166573   -1.000000
166574   -1.000000
166579   -1.000000
166661   -1.000000
166662   -1.000000
166669   -1.000000
166670   -1.000000
166696   -1.000000
166698   -1.000000
166699   -1.000000
166701   -1.000000
166703   -1.000000
166705   -1.000000
166904   -1.000000
166905   -1.000000
166906   -1.000000
166907   -1.000000
166909   -1.000000
167430   -1.000000
167431   -1.000000
167432   -1.000000
167434   -1.000000
167435   -1.000000
167440   -1.000000
167451   -1.000000
167455   -1.000000
167473   -1.000000
167474   -1.000000
167481   -1.000000
167482   -1.000000
167483   -1.000000
167484   -1.000000
167485   -1.000000
167489   -1.000000
167490   -1.000000
167491   -1.000000
167502   -1.000000
167605   -1.000000
167606   -1.000000
167607   -1.000000
167608   -1.000000
168778   -1.000000
168779   -1.000000
168868   -1.000000
168870   -1.000000
168871   -1.000000
168872   -1.000000
168873   -1.000000
169085   -1.000000
169087   -1.000000
169097   -1.000000
169098   -1.000000
169099   -1.000000
169100   -1.000000
169101   -1.000000
169102   -1.000000
169103   -1.000000
169104   -1.000000
169108   -1.000000
169109   -1.000000
169110   -1.000000
169112   -1.000000
169113   -1.000000
169115   -1.000000
169120   -1.000000
169123   -1.000000
169124   -1.000000
169125   -1.000000
169129   -1.000000
169130   -1.000000
169131   -1.000000
169132   -1.000000
169133   -1.000000
169321   -1.000000
169451   -1.000000
169464   -1.000000
169517   -1.000000
169591   -1.000000
169616   -1.000000
169632   -1.000000
169888   -1.000000
170060   -1.000000
170064   -1.000000
170068   -1.000000
170105   -1.000000
170110   -1.000000
170111   -1.000000
