159993   5.597500
159994   5.593000
159995   5.607500
159996   5.143500
159997   5.594500
159998   5.596000
159999   5.589000
160000   5.608000
160001   5.603500
160002   5.604000
160006   5.652500
160007   5.620000
160008   5.619000
160013   3.433500
160014   4.886500
160015   5.815500
160016   3.417000
160017   5.464000
160018   3.787000
160019   3.358000
160020   5.018000
160021   5.875000
160022   5.419000
160023   3.127000
160024   3.947500
160025   3.286500
160026   3.726000
160027   4.306500
160028   4.054500
160029   4.149500
160030   4.340500
160031   4.841000
160032   4.951500
160033   5.648500
160034   4.501500
160035   5.030000
160036   5.372000
160037   4.957000
160038   4.891500
160039   2.212000
160041   3.443500
160042   4.429000
160043   4.488000
160044   1.957000
160045   4.352500
160046   1.601000
160047   4.820000
160054   5.694000
160055   7.008500
160056   2.836500
160057   4.157000
160058   5.081000
160059   4.572500
160060   5.040500
160061   4.948000
160062   4.580500
160063   4.408000
160064   4.207500
160066   3.768000
160067   3.884000
160068   4.646000
160069   4.642500
160070   4.585000
160071   1.145500
160072   4.667500
160073   4.698000
160074   4.716500
160075   4.385000
160076   3.944000
160077   4.431500
160078   4.577500
160079   4.710000
160080   4.184500
160081   4.485500
160082   4.934000
160083   4.495000
160084   4.219500
160085   1.714500
160086   3.916000
160087   4.167000
160093   7.040500
160094   3.652000
160095   4.057000
160096   7.032000
160097   7.454000
160098   4.473000
160099   7.462500
160100   5.410000
160102   7.473000
160103   7.401500
160104   7.475500
160105   5.137500
160106   2.733000
160107   5.581500
160108   2.831500
160109   3.457000
160110   3.482000
160111   3.199000
160112   4.958500
160113   3.618000
160114   4.681500
160115   3.839000
160116   4.269000
160117   6.302000
160118   2.985000
160119   3.405000
160120   3.531000
160121   3.155000
160122   3.566500
160123   7.407500
160124   3.860000
160125   3.648500
160126   3.365000
160127   5.807000
160128   5.493000
160129   2.382000
160130   6.178500
160137   6.206500
160138   5.153000
160139   4.882500
160140   2.960000
160141   3.248000
160142   2.080500
160143   2.493500
160144   2.051000
160145   4.234000
160146   2.973500
160147   7.398500
160148   4.700000
160149   5.118500
160150   2.867000
160151   7.027000
160152   6.523500
160153   5.022500
160154   5.344500
160155   4.141000
160156   4.180500
160157   4.143000
160158   4.455000
160159   3.998500
160160   3.733000
160161   4.111000
160162   4.327000
160163   6.308000
160164   3.736500
160165   3.175500
160166   4.481500
160167   3.872000
160168   6.086000
160169   4.404500
160170   4.805500
160171   5.130500
160172   3.701500
160173   5.489000
160186   4.097500
160187   4.586500
160189   4.861500
160190   4.337500
160191   4.269000
160192   4.435000
160193   4.060000
160194   3.301000
160195   2.853500
160196   3.357500
160197   4.234000
160198   4.535500
160199   4.068000
160200   3.970500
160201   3.914500
160202   3.645500
160203   3.861000
160204   4.118500
160205   3.816500
160207   3.487500
160208   4.187000
160209   4.218500
160210   3.904500
160211   3.007500
160212   3.008000
160213   3.008000
160214   3.703500
160215   3.536000
160216   3.802000
160217   3.873000
160218   4.219000
160219   3.771000
160220   4.424500
160221   3.360000
160222   4.045000
160223   4.090500
160224   2.508000
160225   7.025500
160226   3.754000
160329   6.825500
160330   6.968000
160331   7.009000
160332   7.009500
160333   7.009500
160334   7.006500
160335   7.011000
160336   6.998500
160337   3.954500
160338   2.821500
160339   6.554000
160340   7.008500
160341   6.855000
160352   3.633000
160353   5.508000
160354   6.596500
160356   6.680500
160357   7.013000
160358   6.452500
160359   6.017500
160360   5.973500
160361   3.092000
160362   6.666500
160363   5.882000
160364   3.106000
160365   6.621000
160366   3.125500
160367   6.355000
160368   6.018000
160369   6.575500
160440   5.248500
160441   5.900500
160442   5.909500
160443   5.907500
160444   5.890500
160446   5.912500
160447   5.919000
160448   4.916500
160449   5.914000
160450   5.915500
160451   5.911000
160452   5.908500
160453   5.882000
160454   5.868500
160455   5.853000
160456   5.859000
160458   5.863500
160459   5.719500
160460   5.792000
160461   5.713500
160462   5.558000
160463   5.823500
160466   5.936500
160467   5.932000
160469   5.898500
160470   5.889500
160471   5.881000
160473   5.843500
160474   5.828000
160476   5.919500
160477   5.894000
160478   5.880000
160484   5.079000
160485   6.372500
160486   6.420000
160487   6.740500
160488   6.905500
160489   6.817500
160490   7.012000
160491   7.022500
160492   7.008000
160493   7.022500
160494   6.055000
160495   5.921500
160496   5.840000
160497   7.021500
160499   7.017000
160500   7.005500
160501   3.232500
160502   7.040500
160503   7.026000
160504   7.016500
160505   7.018000
160506   5.974500
160507   5.831000
160508   7.024000
160509   6.047000
160510   7.011500
160511   6.040000
160512   6.042500
160578   5.939500
160579   5.903000
160580   5.866000
160581   5.874000
160583   6.926000
160584   6.927500
160585   6.919000
160586   6.749500
160587   6.265000
160588   6.341500
160589   6.950000
160590   7.908000
160591   6.874000
160592   6.506000
160594   6.077000
160600   5.574500
160602   7.482500
160603   3.030000
160604   3.018500
160605   3.189500
160606   3.008000
160607   3.006000
160608   3.003000
160609   3.002000
160610   3.014000
160613   3.003000
160614   3.001500
160615   3.003500
160616   3.002500
160618   3.003000
160619   3.002000
160620   3.002500
160621   3.008500
160622   3.010500
160624   3.004000
160625   3.004000
160626   3.002500
160627   3.004500
160705   6.002500
160707   6.012000
160709   5.168500
160711   6.012000
160712   6.883000
160713   7.023000
160714   7.014000
160715   7.023500
160716   6.870000
160717   7.011500
160718   7.012500
160719   7.009500
160720   6.115000
160721   7.008500
160722   5.724000
160850   7.488000
160851   6.282000
160853   5.824000
160854   7.472000
160855   4.295500
160898   3.395500
160899   5.687500
160900   7.920000
160901   7.406500
160902   7.450000
160903   7.427000
160904   7.462000
160905   4.699500
160906   7.458500
160907   7.413000
160908   7.467500
160909   3.577500
160910   7.464000
160911   7.412000
160912   7.470500
160913   7.433000
160914   7.493500
160915   7.401500
160916   5.413000
160917   7.471000
160918   7.444500
160919   7.471000
160920   7.471000
160921   7.433000
160922   1.856500
160994   5.924500
160995   5.936000
160996   5.959000
160997   5.967000
160998   5.039500
160999   5.903000
161000   5.514500
161001   4.871000
161002   5.931000
161003   5.959500
161004   5.948000
161005   5.928000
161006   5.917000
161007   5.933500
161008   5.923500
161009   5.918500
161010   5.074500
161011   5.912500
161012   5.904000
161013   5.765000
161014   4.747500
161015   5.693000
161016   6.729000
161017   6.721000
161018   7.006000
161019   7.004500
161080   6.969000
161082   4.503500
161083   6.407500
161084   6.250000
161085   6.030000
161087   6.578500
161089   6.859500
161090   6.835500
161092   6.820000
161094   6.718000
161095   6.573500
161096   6.636500
161115   4.945000
161116   4.711500
161117   5.718500
161118   5.826500
161119   4.708500
161121   5.876500
161122   4.718500
161125   2.163000
161126   1.690500
161128   2.301500
161129   5.248000
161136   5.916500
161137   5.959000
161138   5.950000
161139   5.882000
161140   5.898000
161141   5.939500
161142   5.949000
161143   5.937500
161144   5.922500
161145   5.913500
161146   5.924500
161147   5.935500
161148   5.932000
161149   5.870000
161150   5.909000
161151   5.924500
161152   5.941500
161153   5.941500
161154   5.924000
161155   5.887000
161156   5.872500
161157   5.937500
161158   6.648000
161159   6.635500
161160   6.630000
161162   6.598500
161163   6.739500
161164   6.611500
161166   6.744500
161167   6.725500
161168   7.012500
161169   6.118500
161170   7.007500
161171   6.605000
161172   5.909500
161173   5.913500
161174   5.882500
161179   2.000500
161180   1.022000
161190   1.133000
161191   1.235000
161192   0.699500
161197   6.780000
161198   6.774000
161199   6.751000
161200   6.156500
161201   6.198500
161202   6.777000
161203   5.247000
161204   5.512000
161205   5.516000
161206   5.508000
161207   6.381000
161240   2.413000
161241   3.315500
161242   2.478000
161243   3.917500
161244   3.427000
161245   2.795500
161246   3.651500
161247   2.226000
161252   5.974000
161253   7.006000
161254   7.009000
161255   7.009000
161256   7.008500
161257   7.008000
161258   7.009000
161259   7.009000
161260   6.576000
161261   7.009500
161262   7.008500
161263   7.009000
161264   6.440000
161265   7.006000
161266   6.845500
161273   5.682000
161274   4.698500
161275   5.655500
161276   5.659000
161277   4.980000
161278   1.607000
161279   2.090000
161280   4.068000
161281   1.859000
161282   1.799500
161283   5.368500
161284   4.962000
161285   5.297500
161286   5.139000
161288   3.337000
161289   3.688000
161290   2.978500
161291   5.666000
161292   3.598000
161293   3.786500
161294   5.305500
161295   4.738000
161296   3.662500
161297   4.338000
161298   4.938500
161299   4.777500
161300   3.896000
161301   3.228500
161302   3.313000
161303   0.729000
161306   5.715500
161307   5.728500
161308   4.932500
161309   5.726500
161310   6.524000
161318   2.182000
161319   6.270000
161320   6.269000
161321   6.062500
161322   6.239500
161323   3.725000
161324   5.031000
161325   4.674500
161326   4.463500
161328   3.181000
161329   5.575000
161330   2.547000
161332   2.556000
161334   1.437000
161336   5.453500
161337   3.320000
161338   2.999000
161339   1.659000
161340   1.697000
161341   2.127000
161346   5.756500
161347   5.757000
161348   5.744500
161349   5.749500
161350   5.749000
161351   5.811000
161352   5.863000
161353   6.047500
161354   6.010500
161355   5.052500
161356   5.897000
161357   5.935000
161359   5.786500
161361   5.618000
161362   2.472500
161363   0.983500
161364   6.064500
161365   2.046000
161367   3.104000
161368   2.161000
161369   1.507000
161370   3.520000
161371   3.179000
161372   3.053500
161373   2.992500
161374   3.008000
161375   2.589000
161376   5.647000
161381   6.727500
161382   7.020000
161383   7.062000
161384   7.040000
161385   7.047000
161386   7.023000
161388   7.015500
161389   7.018000
161390   6.918500
161391   6.891000
161392   6.926000
161393   7.025500
161394   7.013500
161396   4.148000
161397   7.020500
161398   7.030500
161399   7.028000
161400   7.011000
161401   6.946500
161402   7.014000
161403   7.035000
161404   7.029000
161405   6.982000
161406   7.027000
161407   7.029500
161408   7.015000
161409   6.945500
161410   7.025500
161411   7.026500
161412   7.015000
161413   7.032000
161414   7.010000
161415   7.023500
161416   7.016000
161417   7.027500
161418   7.019500
161419   2.644500
161427   4.763000
161428   3.573500
161429   3.698500
161430   3.593500
161431   3.815500
161432   3.131000
161433   4.107000
161434   4.121000
161435   3.818500
161436   5.140000
161437   7.419500
161438   7.447000
161439   4.243000
161440   5.092000
161441   4.381500
161442   3.878500
161443   3.723000
161444   4.759000
161445   4.217500
161446   4.854000
161447   4.627000
161448   7.493000
161449   4.294500
161450   3.458500
161451   3.712000
161452   3.399000
161453   3.642000
161454   7.446000
161455   7.414000
161456   7.534500
161457   3.574000
161458   4.647500
161459   4.546500
161460   4.594000
161461   6.871000
161505   6.523500
161506   6.035000
161507   6.735500
161508   6.985000
161509   7.010000
161510   7.007000
161511   7.022000
161512   7.020500
161513   7.019500
161514   7.018500
161515   6.986500
161516   7.020500
161517   7.018500
161518   6.986500
161519   7.018000
161520   7.022500
161521   7.019500
161522   7.018500
161535   6.912500
161536   6.853000
161537   6.836500
161538   6.940500
161539   6.898000
161540   6.885500
161541   6.890500
161542   6.184500
161543   6.186500
161544   6.653500
161545   6.856000
161546   6.905000
161547   6.680500
161548   6.883000
161549   6.742500
161550   6.782500
161569   3.461500
161570   3.374500
161571   2.591500
161572   2.345000
161573   2.745500
161574   2.368500
161575   3.287000
161584   7.019000
161585   5.251000
161586   7.030500
161587   6.475500
161588   7.057000
161589   4.461500
161594   3.114500
161595   7.021000
161596   7.024000
161597   7.062000
161598   7.017000
161601   7.095000
161602   7.018500
161603   7.026500
161606   3.424000
161607   6.426000
161608   7.053000
161609   7.046000
161612   6.632000
161613   6.634000
161614   6.192000
161615   7.019500
162310   2.125500
162311   4.884500
162312   6.003000
162313   6.000000
162314   5.998500
162316   7.015000
162317   7.016000
162318   7.034500
162319   7.054000
162320   7.021500
162346   5.910000
162348   6.004000
162349   6.000500
162456   4.225500
162458   4.903000
162459   5.246500
162460   4.873000
162461   3.839500
162462   1.453000
162463   4.714000
162465   5.054500
162466   5.170000
162467   5.349000
162468   5.310000
162469   5.179500
162470   5.246000
162500   6.962500
162501   6.962500
162502   6.962000
162503   6.951500
162504   5.959000
162505   5.953500
162506   5.889500
162507   5.975500
162508   5.975000
162509   5.978500
162510   5.920000
162511   5.977500
162520   5.972000
162521   5.971500
162522   5.962000
162523   5.976500
162524   5.962000
162525   5.976500
162526   6.035000
162538   4.281000
162539   4.514500
162541   4.181000
162542   4.782000
162543   6.436500
162544   4.864000
162545   5.608000
162547   3.281500
162553   6.428500
162554   6.456500
162555   6.442500
162559   7.228000
162696   7.022500
162707   6.945500
162708   7.033000
162709   7.030000
162710   6.983000
162711   7.031500
162712   6.948500
162713   6.984500
162714   1.470000
162715   6.987000
162716   7.013000
162717   7.020000
162718   7.014500
162719   7.013000
162720   6.079000
162721   6.146000
162722   7.019000
162723   7.023500
162724   7.024500
162725   7.024500
162726   5.546500
162727   7.017000
162728   7.018500
162729   6.971500
162730   7.024000
162732   6.012000
162733   7.025000
162734   7.031000
162742   4.465500
162743   5.061000
162744   5.104500
162745   5.028500
162746   4.499500
162747   5.048000
162751   4.609000
162777   6.468500
162778   6.472500
162779   6.530500
162780   7.040000
162782   6.613000
162783   6.652000
162784   6.377000
162785   7.017500
162786   7.060500
162789   7.024500
162790   7.069000
162791   4.943500
162792   4.507000
162793   7.047500
162794   4.133000
162795   6.113500
162796   5.299500
162797   6.584500
162798   6.501500
162799   6.510500
162806   2.199500
162807   3.770500
162808   2.993000
162809   1.807000
162810   5.947000
162816   4.582000
162817   4.067000
162818   4.735500
162819   2.500500
162821   5.617500
162824   2.503500
162825   4.906000
162826   5.401500
162827   3.972000
162828   5.826500
162829   3.965500
162830   5.407000
162831   4.332000
162832   4.496500
162833   1.478000
162834   4.368000
162835   4.701500
162836   4.368500
162837   4.991000
162838   3.744000
162839   5.961500
162840   3.003500
162842   3.005000
162843   4.410500
162844   3.002500
162845   3.005000
162871   7.023500
162873   7.033500
162876   7.032500
162877   7.032000
162888   6.993500
162890   7.030500
162893   7.034500
162894   7.016500
162896   7.018000
162898   7.035000
162899   7.020000
162901   7.096000
162902   7.086500
162903   7.071000
162906   7.043000
162907   7.048000
162909   1.188000
162911   6.524000
162912   4.880500
162913   6.527000
162914   6.514000
162915   6.442500
162916   6.600500
162917   6.632000
162918   4.165500
162921   7.015000
162963   3.955000
162974   2.646500
162975   2.143500
162976   3.466500
162977   7.010500
162978   3.401000
162979   4.319000
162980   3.269000
162981   3.812000
162985   3.198000
162986   3.069500
162987   3.234500
162988   2.520500
162989   7.007500
162990   4.975500
162991   3.604000
162992   3.705000
162993   3.583500
162994   3.485500
162995   4.433000
162996   6.970500
162997   6.972000
162998   5.420000
162999   7.049000
163000   7.016000
163001   7.021500
163002   6.979500
163003   7.005000
163004   6.988500
163005   7.013500
163006   2.623000
163020   3.570500
163022   3.623000
163023   4.079000
163024   3.428000
163025   4.665000
163026   4.132000
163027   3.854500
163028   5.259000
163029   4.076000
163030   3.981500
163031   3.234000
163032   7.393500
163033   4.068500
163034   3.244000
163035   4.405500
163036   5.101500
163037   6.143000
163038   4.055500
163039   4.807000
163040   4.877000
163041   5.087500
163042   4.588500
163044   4.550000
163045   5.065000
163046   6.001000
163048   6.231000
163049   6.044000
163050   6.366500
163051   6.272000
163052   3.174500
163053   2.428000
163054   4.586500
163055   5.140500
163056   2.925500
163057   2.999500
163058   5.008500
163059   4.268500
163061   5.003000
163062   5.211500
163148   4.929500
163150   4.952500
163154   4.326500
163155   4.917500
163181   4.925000
163182   4.922000
163183   4.917500
163184   4.909500
163214   5.918000
163215   5.944500
163216   5.992500
163217   5.943000
163218   5.945000
163219   5.961500
163220   5.947000
163275   6.191500
163276   5.608000
163277   2.567000
163278   2.575000
163279   2.504000
163280   2.545500
163281   2.483500
163282   2.504000
163286   7.045000
163287   4.833500
163288   7.414500
163290   6.004500
163292   6.021500
163293   6.011500
163294   5.996000
163295   6.268500
163296   6.286000
163297   5.919500
163304   6.970500
163305   7.010000
163306   5.423000
163307   2.311000
163308   2.303000
163309   4.615500
163310   6.996000
163311   3.001500
163312   3.642000
163313   7.016500
163314   4.656500
163315   7.007500
163316   7.024000
163317   7.014500
163318   6.959000
163319   2.549500
163320   2.941500
163321   2.975000
163322   3.885000
163323   2.610500
163324   2.794000
163325   3.313000
163326   3.074500
163327   4.200000
163328   2.274500
163448   6.031000
163449   6.035000
163450   6.036500
163451   6.037000
163534   6.987500
163535   5.446500
163537   6.973000
163538   5.001000
163539   4.965000
163541   5.985000
163543   5.713500
163544   6.023000
163545   5.874000
163547   6.968500
163548   6.967000
163549   6.966500
163550   6.967500
163551   6.992000
163552   6.944000
163553   7.017500
163659   7.032500
163663   6.978000
163664   6.988000
163666   7.012500
163708   6.602000
163709   0.949000
163710   6.621500
163711   6.710000
163712   7.011500
163714   7.034500
163715   6.250000
163716   6.465500
163717   6.162500
163718   6.455500
163719   6.504000
163720   5.163000
163723   6.495000
163724   6.482500
163725   6.499000
163726   6.483500
163727   6.438000
163735   6.093500
163736   6.838000
163737   6.399000
163738   7.015500
163739   6.998000
163740   6.354500
163741   5.538000
163743   7.017000
163750   6.917000
163751   5.730500
163752   5.886000
163753   6.013000
163755   5.804500
163760   5.512000
163761   5.493000
163762   5.453000
163782   6.039500
163783   4.848000
163784   2.329500
163785   1.761000
163787   6.895000
163788   6.918500
163789   6.908000
163790   5.521500
163791   6.941500
163792   6.909500
163793   6.007500
163794   7.019000
163795   6.903000
163796   6.906000
163797   7.018500
163818   7.009000
163819   7.009000
163820   5.951500
163821   6.998000
163822   7.017500
163823   7.013500
163824   7.018500
163825   6.639000
163827   5.929000
163828   7.016500
163829   7.010000
163830   7.013000
163831   7.014000
163832   7.012000
163833   7.014500
163834   7.013000
163835   7.012000
163836   7.017500
164207   7.015000
164208   7.370000
164209   6.007000
164210   5.989500
164211   5.977000
164212   5.955000
164213   4.487000
164215   5.045000
164216   6.080000
164218   4.533500
164219   5.967000
164222   5.931000
164223   7.235500
164224   4.069500
164226   4.813500
164227   6.787000
164271   5.706000
164273   1.863500
164274   5.452500
164276   5.698500
164277   5.026000
164278   5.156500
164279   6.105000
164280   4.172500
164281   5.642500
164282   6.976000
164284   3.546500
164285   3.794500
164286   2.435000
164288   6.966000
164289   6.850500
164290   6.385500
164291   3.332500
164292   5.684500
164293   6.079000
164294   5.325500
164298   7.349500
164299   7.112000
164300   4.866000
164301   4.145000
164302   6.022000
164303   2.222000
164304   6.358500
164305   3.451500
164306   2.640500
164307   3.960000
164308   2.416500
164309   7.615500
164310   7.597500
164312   7.622500
164313   2.422000
164314   2.934000
164315   6.127000
164317   2.980500
164318   7.625500
164319   7.083000
164320   5.746000
164321   5.535500
164322   7.318000
164324   2.396000
164327   6.274000
164328   4.477000
164329   7.010000
164330   6.142000
164331   4.766000
164332   6.194000
164333   4.559000
164334   6.198500
164335   6.216500
164336   7.009000
164338   4.820500
164345   7.391000
164346   1.770500
164348   3.698500
164350   0.871000
164351   3.057500
164352   4.790500
164353   7.003500
164354   7.012000
164355   3.288000
164356   7.012500
164357   6.975500
164359   7.033500
164360   5.411000
164361   4.186500
164362   7.026500
164363   2.161000
164364   1.864000
164365   3.875000
164367   2.336000
164368   2.990000
164369   3.557500
164370   2.691000
164373   4.809000
164375   3.795000
164424   7.358000
164438   5.357000
164439   3.102000
164440   5.868000
164441   5.875500
164442   5.878500
164443   5.613500
164444   2.420500
164445   2.422000
164447   5.865500
164448   4.225000
164451   4.638500
164452   5.814000
164453   4.469000
164454   5.817500
164456   5.834500
164462   6.933500
164463   6.222500
164464   6.155000
164465   7.004500
164466   5.428000
164467   5.418000
164468   5.427500
164469   3.846000
164470   6.998500
164471   3.842500
164472   3.312500
164473   3.004000
164474   3.214500
164480   6.950500
164481   6.767500
164486   7.012000
164491   4.809000
164505   6.000000
164514   4.131500
164516   4.187000
164528   3.979000
164529   5.964500
164530   5.966000
164532   5.945000
164534   5.958500
164538   4.014500
164539   5.958000
164540   5.966500
164541   5.954000
164546   7.341000
164547   6.376500
164548   2.305000
164549   5.922000
164550   5.712000
164551   3.613000
164552   5.941500
164553   3.800500
164554   2.159000
164555   3.654500
164557   3.764000
164558   3.865500
164559   5.971500
164560   4.525500
164561   5.047000
164562   3.639500
164563   3.719000
164564   4.481000
164565   5.861500
164566   5.579000
164567   5.847500
164568   5.821000
164569   5.821000
164570   5.826000
164571   5.011500
164572   5.754500
164573   5.876500
164574   4.818000
164575   5.828000
164576   5.849500
164577   5.866500
164578   5.779500
164580   3.759500
164581   4.929500
164582   4.337000
164583   4.299500
164584   4.844500
164585   5.858500
164593   6.502500
164594   6.099000
164596   6.607000
164598   3.918500
164600   4.801500
164601   4.492500
164602   4.493000
164603   6.517500
164605   4.545000
164606   6.946000
164611   5.451000
164612   4.786500
164614   7.005000
164646   4.528500
164647   4.567000
164648   4.530500
164649   4.534500
164650   4.573000
164651   4.581500
164652   4.862000
164653   6.448500
164654   6.477000
164656   6.826500
164659   6.455500
164661   7.005000
164662   6.999000
164664   7.004500
164666   5.788000
164667   2.737000
164668   4.414500
164669   3.977500
164670   3.562000
164672   3.578000
164673   3.173500
164674   4.373000
164675   5.985000
164676   3.685000
164677   4.870000
164678   3.863000
164679   3.649500
164680   4.560500
164681   6.006000
164682   4.661500
164775   5.990500
164776   5.997500
164777   7.370500
164778   5.996000
164779   5.764500
164814   7.023500
164815   7.034000
164816   7.044500
164817   7.014000
164818   6.334000
164819   7.014000
164820   7.012500
164824   7.006000
164825   7.047500
164826   3.791500
164827   3.402000
164828   3.487000
164829   3.528000
164830   3.393500
164831   7.024500
164835   4.158000
164836   7.025500
164837   4.176000
164838   7.030000
164839   3.981000
164840   3.417500
164841   3.796500
164842   7.032500
164843   7.022500
164844   3.788000
164845   3.732500
164846   3.775500
164847   3.960500
164848   3.736500
164849   4.568500
164850   7.028000
164851   3.361000
164852   7.023000
164853   3.600500
164854   7.025000
164871   4.349500
164872   4.619500
164873   5.692500
164874   5.769000
164875   5.769000
164876   5.526000
164877   5.804000
164878   5.782500
164879   5.574000
164880   6.377500
164881   5.250000
164882   5.196500
164883   5.693500
164884   5.801000
164886   5.788500
164892   5.808500
164894   5.192000
164895   5.749000
164896   5.786500
164897   5.883500
164898   5.749000
164899   5.892000
164900   5.853500
164901   5.725000
164902   5.693500
164903   5.697000
164904   5.058500
164905   5.294500
164910   7.019500
164911   7.021500
164912   7.015500
164913   5.801000
164914   7.029000
164915   7.029500
164916   7.027500
164917   7.027000
164918   7.027000
164919   7.026500
164920   7.030000
164921   7.030000
164922   7.031000
164923   7.032500
164924   7.031500
164925   7.028000
164931   7.365000
164944   2.277000
164945   2.163500
164946   2.126000
164947   4.124000
164948   4.128000
164949   4.302000
164954   0.604500
164956   5.961000
164960   5.956000
164961   3.161000
164962   2.950500
164963   3.123500
164964   2.920500
164965   5.917000
164966   5.934500
164967   5.940000
164971   7.316000
164972   3.851000
164973   5.938000
164974   5.917500
164975   5.925000
164976   3.414000
164977   5.942500
164978   5.935500
164979   5.905000
164980   6.067500
164981   5.937000
164982   5.924000
164983   2.782000
164984   3.478500
164985   5.931500
164986   3.533500
164987   5.878500
164988   5.947000
164989   3.402000
164990   3.740500
164991   5.967500
164992   3.101500
164993   5.938000
164994   1.741500
164995   1.723500
165000   2.301000
165001   2.698000
165002   2.944000
165003   2.038000
165004   4.211500
165011   6.445000
165012   6.998500
165013   7.007500
165014   6.998500
165015   7.011000
165016   7.013500
165017   6.999000
165018   7.018500
165019   7.005000
165021   7.008000
165022   7.021000
165023   6.821500
165024   7.023000
165025   7.018000
165026   7.019500
165027   7.017500
165028   7.009000
165029   7.012000
165031   6.997000
165032   6.995000
165033   7.004000
165034   7.014000
165035   7.017000
165036   7.023500
165037   7.026500
165038   7.004000
165039   7.011000
165040   7.013000
165041   7.024000
165042   7.014500
165043   7.010000
165044   7.018500
165086   6.737000
165087   7.009500
165088   7.008500
165089   7.010000
165090   6.720000
165091   6.553500
165092   4.535000
165093   4.917000
165094   6.555500
165095   6.557000
165096   6.556000
165097   6.548000
165098   6.568000
165099   6.549500
165100   6.557000
165167   6.537500
165168   6.542500
165169   6.538000
165171   7.004000
165173   6.494500
165174   5.832500
165177   4.494500
165178   6.558500
165179   6.536000
165180   6.540000
165181   6.426000
165182   6.556500
165183   7.015000
165184   6.399000
165185   6.446500
165186   6.543500
165187   3.378500
165188   6.271000
165189   2.940000
165190   6.999000
165191   4.080500
165196   7.348500
165233   7.352500
165235   2.982000
165236   4.636500
165237   3.305500
165238   2.739000
165239   2.474500
165242   2.798500
165243   2.967000
165244   2.737000
165246   5.046500
165247   3.589000
165248   4.688500
165249   3.915000
165250   2.874500
165251   6.849000
165252   7.064000
165253   3.736500
165257   5.178500
165259   4.917500
165260   6.942000
165261   4.972500
165262   7.197000
165263   4.320500
165264   7.540000
165265   4.999000
165294   5.331500
165334   5.010000
165335   5.818500
165338   6.586000
165340   6.571000
165341   6.558500
165342   6.558000
165345   0.460000
165346   6.576500
165348   4.651000
165349   6.691000
165350   6.918000
165351   7.009000
165352   6.854500
165353   7.017000
165354   7.015000
165355   4.535500
165399   3.415000
165400   5.638000
165401   5.440000
165402   5.745500
165403   5.629000
165404   5.331000
165405   5.794500
165406   5.781000
165407   5.794000
165408   5.792000
165409   3.682500
165410   5.792000
165411   5.431500
165412   5.589500
165413   5.795000
165414   5.567500
165415   5.791500
165416   5.584000
165417   5.506500
165418   4.080500
165419   5.798000
165420   5.808000
165421   3.352500
165427   6.847500
165428   7.005000
165429   6.757000
165430   6.544500
165431   6.718500
165432   6.972000
165433   4.985000
165434   6.445500
165436   6.918000
165437   6.725500
165438   6.733000
165439   6.200000
165440   6.845500
165443   5.906000
165444   6.271500
165445   5.782000
165446   6.203500
165447   6.274500
165448   5.285000
165449   6.131500
165450   6.568500
165451   6.636000
165452   6.738500
165453   1.276500
165454   6.257000
165455   5.719500
165459   7.352500
165460   6.185000
165461   6.300000
165462   5.877000
165463   6.295500
165464   6.337000
165465   6.555500
165466   6.785500
165467   6.508000
165468   6.682000
165469   6.323500
165472   7.012500
165473   7.025000
165474   7.033000
165475   7.022500
165476   7.019500
165477   7.028500
165478   7.028500
165479   7.030000
165480   7.023500
165481   7.026000
165482   7.042500
165483   7.035500
165489   5.859000
165490   4.577500
165491   5.844500
165492   5.778500
165493   3.717000
165494   5.824000
165495   5.825500
165496   3.484500
165514   5.886000
165515   5.833500
165516   6.890500
165524   7.353000
165527   2.473000
165528   2.404500
165529   2.373000
165530   6.033000
165531   2.283000
165532   2.672500
165533   2.230000
165534   3.552000
165535   1.740500
165536   1.938500
165537   4.545500
165538   4.647500
165539   2.675500
165540   4.190000
165541   5.435000
165542   3.221000
165544   2.934000
165545   5.560500
165546   3.295000
165547   5.682500
165548   5.930500
165550   3.652500
165551   5.800500
165552   5.568500
165669   5.546500
165670   6.201000
165676   4.810000
165677   7.087000
165678   7.068000
165679   6.969500
165680   3.814000
165682   3.001500
165683   6.879500
165684   3.880500
165685   6.937000
165686   5.148500
165688   6.085500
165689   3.959500
165691   0.554500
165692   6.872000
165693   1.278000
165707   6.228000
165708   6.071500
165709   1.667000
165710   5.992500
165711   2.215500
165712   1.752500
165714   2.353500
165715   4.539000
165716   2.812000
165718   1.368500
165720   6.241000
165721   6.236000
165722   2.267500
165724   3.407000
165725   6.282500
165726   5.530000
165727   2.313000
165728   3.321500
165729   1.464500
165730   4.677500
165731   2.386500
165732   3.982000
165733   3.321000
165746   5.162500
165748   5.159000
165749   5.150500
165753   5.159000
165774   5.155000
165842   4.890500
165852   7.004500
165853   7.011000
165854   7.016000
165855   7.019500
165856   7.017500
165858   7.056000
165859   7.026000
165860   7.021500
165861   7.021500
165862   7.023000
165863   7.024000
165864   7.009500
165865   7.020000
165866   7.010000
165867   7.021000
165868   7.027500
165869   7.015000
165870   7.026500
165871   7.026000
165872   7.011000
165873   7.020500
165874   7.018500
165875   7.014000
165876   6.011000
165877   7.027500
165878   7.027500
165884   3.702000
165885   3.092500
165886   1.984000
165887   6.706000
165890   2.955500
165891   3.019000
165892   4.041000
165893   3.513500
165894   4.109000
165896   3.634000
165897   3.648000
165898   3.670000
165899   3.649500
165900   1.137000
165901   3.654500
165902   0.561000
165904   4.056500
165907   3.620000
165909   4.082500
165917   7.740000
165918   8.027000
165919   8.038500
165920   8.022500
165921   8.027500
165922   8.015500
165923   8.033500
165924   8.033000
165925   8.033000
165926   8.039500
165927   8.036000
165928   8.025500
165929   8.020000
165930   0.691500
165932   8.022000
165935   8.014000
165938   8.027000
165939   8.021000
165940   8.025000
165941   8.026500
165943   8.027500
165944   7.033000
165948   7.006000
165949   6.907000
165950   7.011500
165952   7.011500
165955   7.019500
165956   7.016500
165957   7.023000
165958   7.022500
165959   7.021500
165960   7.020500
165961   7.021500
165962   7.019500
165963   7.021000
165964   7.019500
165965   7.031500
166017   7.368500
166091   7.014000
166092   7.038500
166093   7.027500
166094   6.293000
166095   3.875500
166096   5.472000
166097   5.666500
166098   5.754500
166168   7.349500
166170   4.809000
166171   5.902500
166172   5.903000
166173   5.900500
166175   5.538000
166176   5.731500
166177   5.604500
166178   3.896000
166179   5.427500
166253   6.076500
166254   5.366500
166255   5.939500
166256   4.098500
166257   2.607000
166258   2.750500
166261   6.067500
166262   4.588000
166263   7.018500
166282   1.841000
166284   1.835000
166288   1.256000
166289   1.082500
166290   1.296500
166291   0.901000
166292   1.195000
166293   1.022500
166295   1.090000
166299   1.162500
166300   5.720000
166301   2.219500
166302   2.126000
166304   2.429500
166305   5.543500
166306   2.896500
166307   5.511000
166308   6.226500
166309   6.210000
166310   6.249000
166313   6.091500
166314   2.690000
166315   1.477500
166316   6.212500
166317   6.268500
166318   0.967000
166319   1.007500
166320   1.943500
166321   2.444000
166322   1.766000
166324   2.654000
166325   1.967500
166326   6.111500
166327   6.211500
166328   4.101500
166329   1.737500
166330   1.978500
166334   6.962500
166335   2.497500
166342   5.213500
166343   7.034500
166344   4.791000
166345   7.024500
166347   2.692500
166348   7.022000
166349   2.694000
166350   7.020000
166351   7.018500
166352   7.020500
166353   7.030500
166356   7.029000
166357   7.031500
166358   7.023500
166359   7.018500
166360   7.013000
166363   4.627500
166364   3.474000
166365   5.283500
166388   1.817500
166389   6.008500
166390   6.817000
166391   7.029000
166392   5.466000
166393   5.472000
166396   5.373000
166397   5.287500
166399   5.477500
166400   5.480000
166402   5.457000
166403   5.430500
166411   7.525500
166413   4.420500
166414   4.911000
166415   6.942500
166417   6.967000
166418   4.646500
166419   6.919000
166428   6.962500
166462   3.522500
166463   3.607000
166464   3.498500
166465   3.783500
166466   3.682000
166467   4.262500
166468   3.750000
166469   3.649000
166470   3.502000
166481   3.357000
166482   7.186000
166483   7.155500
166484   7.100500
166485   7.134500
166486   7.161000
166487   7.126500
166493   4.070000
166498   6.244000
166499   4.911500
166500   4.072500
166502   4.948500
166503   4.029500
166506   7.041500
166515   7.384000
166518   5.154500
166527   2.568500
166549   6.419500
166550   5.119000
166551   3.996500
166552   3.451500
166553   4.469000
166554   3.888000
166555   5.028000
166556   6.424000
166557   6.679000
166559   3.249500
166560   3.391000
166562   4.287000
166563   3.995000
166564   5.049500
166565   4.181000
166566   6.394500
166567   6.382000
166568   6.369500
166569   6.385500
166571   3.022500
166575   5.305500
166577   7.018000
166578   7.040500
166580   7.025000
166581   7.020000
166582   5.783500
166583   7.043500
166584   5.602000
166585   6.357000
166627   4.189500
166629   2.782500
166630   4.151000
166631   4.203500
166632   4.195000
166633   4.167500
166635   4.107000
166636   4.134000
166637   4.110500
166638   4.134500
166639   4.115500
166640   4.139500
166641   3.265000
166642   4.131500
166643   4.136500
166644   5.134500
166645   2.226000
166646   5.195500
166647   5.139000
166648   5.142500
166649   5.166500
166650   5.159500
166651   5.170500
166652   5.167000
166653   5.172000
166654   5.157500
166655   5.158000
166656   5.155500
166657   5.161000
166658   5.162500
166659   5.152000
166660   5.162500
166668   7.362000
166671   1.655000
166672   1.723000
166673   1.625500
166674   1.783000
166675   1.686000
166676   7.244500
166677   1.908000
166678   4.762000
166679   4.995500
166680   5.752500
166681   4.829000
166682   4.681500
166683   6.294500
166684   5.499000
166685   6.131000
166686   3.264000
166687   4.709000
166688   5.206500
166689   5.923000
166690   6.889000
166691   4.503000
166692   5.232000
166695   5.994000
166697   4.920000
166700   5.218000
166702   5.851500
166704   5.449500
166899   4.058000
166900   6.339000
166901   6.452500
166902   6.458500
166903   6.454500
166944   5.266500
166945   5.937500
166946   6.115500
166947   6.175500
166948   6.168500
166949   6.156000
166950   6.081500
166951   6.145000
166952   5.280000
166953   5.249000
167429   4.491000
167433   7.017000
167436   0.874500
167437   7.024000
167438   3.643000
167439   7.026000
167441   6.416000
167443   7.017500
167444   7.021500
167445   4.858000
167447   1.035500
167448   1.205000
167449   7.019000
167450   4.771500
167452   5.169500
167453   7.014500
167454   0.981000
167458   3.964000
167459   1.026500
167460   6.423000
167461   1.085000
167462   1.134000
167463   4.940500
167464   4.361000
167465   4.258500
167469   2.651500
167470   1.151000
167471   1.067500
167472   4.528000
167475   6.229500
167476   4.857500
167477   1.103500
167478   1.078000
167479   1.023000
167480   5.066000
167486   6.176500
167487   2.151500
167488   5.263500
167494   3.475000
167495   3.144500
167496   6.475000
167497   6.652000
167500   5.273500
167501   6.858500
167503   4.608500
167504   7.465500
167505   5.826500
167506   8.011000
167547   7.356500
167596   2.210000
167597   2.112000
167598   1.955000
167599   2.006500
167600   3.597500
167601   4.629500
167602   4.356500
167603   6.647500
167610   1.706500
167611   2.525500
167612   4.765500
167614   4.758000
167615   4.073500
167617   4.091000
167618   6.069500
167619   4.903000
167621   4.582000
168773   5.653000
168774   5.588500
168775   5.422000
168777   4.484000
168796   4.944500
168797   3.883500
168798   5.000000
168799   4.969000
168800   6.023500
168803   6.058500
168825   7.358000
168826   0.565500
168828   0.563000
168829   5.961500
168830   6.076000
168832   4.611000
168834   2.571500
168835   4.411000
168836   5.383000
168837   2.603500
168838   5.262500
168839   5.405000
168841   2.507000
168842   1.066500
168843   1.006500
168844   2.402000
168848   7.347500
168849   6.141000
168851   6.165000
168874   5.116500
168887   5.330000
168888   4.711500
168889   5.335000
168892   3.710000
168893   3.856000
168895   3.281000
168896   4.264500
168897   4.176500
168898   5.337000
168899   4.227000
168901   2.837000
168902   5.262000
168905   5.317000
168907   5.307000
168908   5.308000
168909   5.270500
168910   5.337500
168911   5.304500
168912   5.307000
168913   5.307500
168914   5.304000
168923   7.364500
168924   7.113500
168925   7.115000
168926   7.113500
168927   7.113500
168929   7.134500
168930   7.133000
168931   7.148500
168936   7.115000
168937   7.118000
168938   7.131000
168939   7.132500
168942   7.113000
168943   7.114500
168944   7.117500
168945   7.118500
168946   7.117500
168947   7.114500
168948   7.109500
168949   7.104000
168950   7.106000
168951   7.111000
168952   7.093000
168953   7.115500
168954   7.134000
168955   7.139500
168956   7.122000
168957   7.119500
168958   7.135500
168960   2.251500
168962   4.568000
168966   7.352000
168967   4.975000
168968   4.070500
168969   5.260000
168970   5.252000
168971   5.252000
168972   5.257000
168973   6.256000
168974   6.255000
168976   5.355000
168977   5.571000
168978   5.059000
168979   5.065000
168980   5.040500
168981   5.323000
168982   6.051500
168983   3.437500
168984   3.831000
168985   3.570000
168986   3.264000
168987   5.157500
168989   2.421500
168990   2.450500
168991   5.523500
168992   5.310000
168993   4.473500
168994   5.304500
168995   5.305500
168996   5.304500
168997   5.305000
168998   5.338000
168999   5.312000
169000   5.305500
169001   5.307000
169002   5.335000
169005   7.348000
169026   7.122500
169027   3.110500
169028   7.123500
169030   7.118500
169031   7.116000
169032   7.116500
169033   7.116500
169034   7.115500
169035   7.122500
169036   7.122500
169037   7.132500
169038   7.117500
169044   6.664000
169045   6.576000
169046   6.562500
169048   6.662000
169049   6.659500
169050   6.643500
169052   6.645000
169057   2.951500
169058   6.651000
169060   5.800000
169061   5.691500
169063   6.614000
169065   6.598500
169066   6.606000
169069   7.004000
169070   7.521500
169071   6.564000
169072   7.494000
169076   6.663500
169077   1.858000
169078   6.609500
169079   6.639000
169080   5.424500
169083   5.211500
169084   5.392000
169114   5.479500
169116   5.473500
169117   5.473500
169118   5.462000
169119   4.753000
169121   5.445000
169122   5.451000
169126   5.454500
169127   5.459500
169128   5.457000
169285   6.873000
169286   5.982000
169290   4.459000
169292   5.233000
169293   5.625500
169294   5.411000
169296   5.609000
169300   5.604500
169301   5.615000
169302   5.596500
169303   5.605000
169304   5.598500
169305   5.608500
169306   5.598000
169307   5.571000
169309   5.960000
169322   4.469500
169324   3.254500
169325   2.243000
169326   4.919500
169327   6.314500
169328   6.441500
169329   3.420500
169330   2.856500
169331   4.610000
169332   3.215000
169336   6.442000
169337   6.242000
169338   4.516500
169339   1.389000
169341   3.119000
169342   3.916500
169343   4.230000
169344   5.549500
169345   4.999000
169346   1.002000
169347   5.653500
169349   1.493000
169352   2.306500
169353   2.868500
169354   6.438500
169355   5.639500
169372   5.625500
169373   4.698500
169374   5.629500
169375   5.635000
169376   3.328000
169378   5.612500
169379   5.593500
169380   5.484500
169381   4.387500
169382   5.557500
169383   5.652000
169384   5.637500
169385   5.662500
169387   5.649500
169388   5.183500
169389   5.041000
169391   5.063000
169406   2.668000
169407   2.680500
169408   5.963500
169409   5.293000
169410   2.869500
169411   5.974500
169412   5.947000
169413   5.983500
169414   1.482000
169415   4.007500
169416   3.136500
169417   1.100000
169419   1.801000
169421   2.154000
169422   5.691500
169423   4.703000
169424   5.899000
169425   5.721500
169427   3.465000
169428   3.378500
169429   5.225500
169430   6.229500
169431   6.543000
169432   6.444000
169433   6.384000
169434   6.499500
169449   6.615000
169450   3.725000
169452   2.450000
169453   4.970000
169454   2.074000
169455   4.576500
169456   2.442000
169457   2.715000
169458   4.195500
169459   6.059000
169460   7.055000
169461   6.704500
169463   4.579500
169466   4.256000
169467   3.951500
169468   3.817500
169469   3.389000
169470   5.071000
169471   7.001500
169472   3.930500
169475   5.240500
169476   4.321000
169477   3.716000
169478   4.509500
169479   4.030500
169495   7.020000
169496   6.970500
169497   6.893000
169498   6.935500
169499   7.146500
169501   6.914000
169502   5.220500
169503   4.353500
169504   4.867500
169505   4.688500
169506   4.720000
169507   4.304000
169508   6.181000
169510   5.806000
169511   0.972000
169512   6.039000
169513   6.259500
169514   6.704500
169515   6.110500
169524   7.376000
169527   3.088500
169528   7.421000
169529   3.861500
169530   3.706000
169531   3.828000
169532   4.420500
169536   2.943500
169540   3.117000
169541   6.707500
169542   2.442500
169544   2.571500
169545   4.103000
169546   7.441000
169547   6.676500
169549   2.565500
169550   3.052500
169551   6.699500
169552   3.003500
169553   3.018000
169568   5.442500
169569   7.016000
169570   5.838000
169571   7.018000
169572   7.018500
169573   7.004000
169574   6.941500
169582   7.346000
169583   6.441000
169589   6.599000
169590   7.009500
169592   6.999500
169593   7.009000
169594   7.009500
169595   7.003500
169596   6.998500
169597   7.009000
169598   7.015500
169599   7.010500
169600   7.013000
169601   6.765000
169602   6.693500
169603   6.681000
169604   7.011000
169605   6.997000
169606   7.013500
169607   7.008500
169608   7.012000
169614   6.630000
169615   4.611000
169617   7.135000
169618   7.133000
169619   6.549500
169620   6.573500
169621   7.117500
169622   7.120000
169623   7.119500
169624   7.121000
169625   7.117500
169626   7.117500
169627   7.119500
169628   7.121500
169629   7.116500
169630   7.118000
169631   7.118000
169633   7.131000
169634   7.131000
169635   6.617000
169636   7.185500
169637   7.135000
169638   6.630500
169640   7.155500
169691   5.844000
169828   5.675500
169829   5.332000
169832   2.264000
169835   5.586500
169836   5.529500
169841   5.224000
169842   3.251000
169843   2.274000
169844   2.781000
169845   5.581500
169846   5.583500
169847   5.585500
169848   4.362500
169849   5.604500
169850   4.832000
169851   5.612500
169852   5.663000
169853   3.894000
169854   3.979000
169855   5.064500
169856   5.657500
169857   4.012000
169858   5.615500
169859   5.580500
169860   5.608000
169861   5.639500
169862   5.599500
169863   5.624000
169864   2.987000
169865   5.635000
169866   5.626500
169867   5.596500
169868   5.639000
169869   5.664500
169870   5.109500
169871   5.019500
169872   5.668500
169873   5.537500
169874   3.020000
169875   5.627500
169876   5.362500
169877   5.609000
169886   1.947000
169887   6.067000
169889   1.278000
169890   4.198000
169891   5.201500
169892   7.007500
169893   3.110500
169896   5.103000
169897   4.820500
169898   6.839500
169900   4.332000
169901   3.977000
169902   3.201500
169903   4.579500
169904   3.088000
169905   3.606000
169906   5.429000
169907   4.091000
169908   6.045000
169909   4.136500
169910   4.763000
169916   6.381000
169917   1.988500
169918   6.678000
169919   6.561500
169921   6.376500
169922   6.622500
169924   6.630500
169925   6.950500
169926   7.016000
169928   7.009500
169929   7.011500
169930   7.011000
169932   7.020500
169933   7.019000
169935   3.612500
169936   7.023500
169937   7.005500
169938   6.705000
169939   6.072500
169941   7.014000
169942   6.718000
169943   7.024500
169944   7.015000
169946   7.020500
169951   7.339000
169958   6.061000
169959   6.183000
169960   5.493000
169962   2.139000
169963   6.804500
169964   5.716500
169965   5.749500
169966   5.663500
169967   5.670000
169968   5.731500
169969   5.809000
169970   2.540500
169973   6.391000
169974   3.738000
169975   3.693000
169976   4.554500
169977   6.991500
169978   2.960000
169980   1.931500
169981   6.905500
169987   2.126500
169988   3.920500
169991   2.884500
169992   6.560000
169993   6.571500
169994   5.655000
169995   4.017000
169996   6.610500
169997   7.030000
169998   6.889500
169999   4.533500
170000   5.668500
170001   6.678500
170002   6.620500
170003   6.283000
170004   4.583500
170005   5.485000
170006   5.230500
170007   7.014000
170008   6.568000
170009   7.028500
170011   4.646000
170012   5.403000
170013   4.700500
170014   4.682000
170015   4.441000
170016   3.845000
170017   4.524500
170018   4.508000
170019   4.854500
170021   4.881000
170036   5.898000
170061   4.617000
170062   3.374500
170063   5.709000
170065   6.806000
170066   5.524500
170067   3.344500
170069   6.982000
170070   5.529000
170071   5.772000
170072   5.925000
170073   6.428000
170074   4.681500
170075   4.981500
170076   5.368500
170077   6.764000
170078   4.984500
170079   6.650500
170080   7.358000
170085   5.714500
170086   6.661500
170087   6.957500
170088   5.776000
170089   6.103000
170091   6.105500
170104   5.149500
170106   6.637000
170107   5.534500
170109   5.072500
170112   6.203500
170113   5.444500
170114   6.956500
170121   4.509000
170122   2.773500
170124   5.161500
170126   3.150500
170127   2.734500
170145   5.365000
170146   5.651000
170149   7.023000
