66027	49.369087
66092	56.093697
66122	64.870400
66143	56.441856
66154	57.617409
66225	46.881790
66238	65.081345
66260	64.181252
66299	45.070335
66304	65.073151
66313	64.873474
66369	44.262402
66380	58.574848
66382	69.039101
66383	69.321732
66395	51.485695
66409	47.182850
66428	50.206718
66503	47.777794
66509	47.027199
66569	46.956543
66965	49.481728
66973	50.566143
66976	51.547134
67665	59.356159
67681	42.832897
67702	64.014336
67710	58.361855
67749	73.842690
67780	61.809666
67906	72.323074
67915	72.333313
67918	58.749950
67942	59.503616
67971	51.066879
67982	63.383553
67989	63.660030
67992	65.982468
67994	65.549309
67997	68.259842
68001	56.534016
68003	62.274559
68006	58.207233
68008	63.614975
68027	56.912895
68029	65.028099
68031	65.384445
68032	65.660927
68092	55.521278
68095	65.320961
68098	57.077759
68116	57.582592
68117	56.582146
68148	64.103424
68193	64.330750
68222	56.720383
68227	60.363777
68229	59.993088
68231	65.633278
68237	60.139519
68252	65.685501
68314	62.080002
68450	64.903168
68459	65.729538
68461	65.542145
68475	59.254784
68480	60.432385
68496	58.555393
68572	60.889088
68644	51.763199
68647	54.972416
68651	49.405953
68773	44.467201
68782	47.426559
68827	46.984192
68835	44.334080
68844	44.921856
68912	55.022591
68915	54.995968
68918	49.520641
68921	44.229633
68925	45.334530
68930	51.703808
68949	50.430977
68985	43.657215
68986	51.801086
68994	43.524097
69030	43.475967
69081	49.442818
69083	45.000706
69085	45.332481
69087	49.435650
69096	50.775040
69131	70.538239
69257	46.008320
69281	50.233345
69303	43.777023
69311	43.665409
69315	43.625473
69336	68.549629
69349	55.146496
69355	58.091518
69373	68.346878
69381	45.131775
69455	44.540928
69538	61.109249
69731	52.438015
69740	57.551872
69814	46.527489
69816	46.029823
69913	51.591167
69974	48.074753
69988	61.100033
70057	55.498753
70071	44.944386
70073	52.918270
70078	46.211071
70102	62.604286
70106	62.395393
70117	58.895359
70118	60.877823
70119	62.341122
70120	64.389122
70121	59.098110
70125	58.356735
70130	57.112576
70131	58.950657
70171	64.555008
70182	63.358975
70261	50.315266
70270	50.763775
70276	48.167934
70301	52.045822
70341	48.665600
70417	50.272255
70427	61.448193
70433	60.135426
70440	65.081345
70453	62.255104
70509	65.595390
70511	66.375679
70568	59.564034
70570	59.799553
70572	59.210751
70574	64.209923
70576	64.094208
70606	64.416771
70610	44.999680
70634	66.612221
70643	60.007423
70675	61.749249
70686	67.959808
70702	72.513535
70711	65.261566
70712	56.808449
70717	63.901695
72163	62.224999
72172	68.082802
72195	47.718201
72283	69.091003
72302	43.904800
72422	58.873600
72460	53.727402
72465	58.864201
72468	51.026001
72497	60.681999
72500	58.205601
72537	43.330200
72549	44.321201
72563	57.775002
72567	56.075401
72643	61.857601
72670	43.816002
72723	55.706600
72734	54.116402
72738	45.975399
72782	43.889599
72786	43.704800
72799	59.243401
72852	62.057800
72897	43.889801
72922	60.035000
73062	57.435200
73460	56.877399
73462	54.301399
73492	43.807999
73495	44.031799
73497	44.604199
73534	63.195599
73560	60.817200
73565	61.187401
73685	57.619999
73691	57.520802
73703	49.867600
73710	46.265999
73744	43.161400
73765	57.428799
73766	57.558800
73851	66.271797
73879	63.121800
73885	63.522999
73911	65.896401
73968	59.042801
73972	55.261799
73979	55.950600
74032	51.959400
74058	50.818802
74077	56.967800
74079	51.617401
74098	59.306599
74164	69.188599
74165	61.514801
74170	58.546600
74177	49.054600
74208	42.626801
74214	50.135799
74301	68.653999
74330	56.052399
74334	59.101399
74336	58.025200
74338	58.687401
74339	62.272400
74341	58.015202
74344	57.477600
74369	68.550003
74383	43.351799
74391	68.745201
74415	64.691803
74417	64.655602
74420	56.558399
74425	57.002399
74429	63.592999
74494	53.778400
74497	48.587200
74519	64.672600
74530	47.870998
74543	45.636200
74544	45.331001
74562	51.343601
74570	51.281799
74576	51.870400
74615	63.036598
74642	44.213799
74693	61.415001
74698	50.246399
74704	58.988201
74721	46.647598
74738	43.622799
74746	45.173000
74797	63.411400
74937	59.775799
74942	56.502201
75003	49.488201
75067	57.969200
75076	43.926800
75162	69.810402
75179	62.022598
75210	57.397202
75218	45.642601
75307	65.725403
75384	43.067001
75415	63.623798
75417	59.776402
75419	57.229000
75453	43.310799
75478	60.614800
75485	57.754398
75495	65.426003
75543	58.737202
75546	63.895802
75608	65.085403
75652	65.727997
75657	65.848602
75671	43.844799
75679	60.154598
75766	49.639401
75787	44.025398
75835	55.032799
75837	55.145199
75844	59.686600
75845	57.118801
75846	58.967800
75880	50.951000
75949	43.886601
75971	53.617199
76030	55.990398
76064	44.195400
76193	58.565800
76294	63.844002
76425	64.410004
76431	70.410202
76497	44.626000
76499	44.762798
76539	64.686997
76589	42.963600
76655	70.046204
76672	56.312401
76694	68.598801
76705	66.816803
76783	44.111198
76794	44.752399
76818	63.686001
76844	42.997398
76848	43.107800
76850	43.037998
76872	62.653000
76911	44.685600
76920	61.747799
76936	51.378601
81867	46.30400
81916	51.70600
81953	59.76200
81978	53.77880
81983	59.45200
81985	52.27000
81990	52.37400
82001	53.36200
82004	48.78800
82005	53.16000
82012	56.55860
82013	53.67600
82196	62.1220
82218	63.1282
82257	53.1880
82258	53.1238
82259	53.5400
82281	59.6140
82296	58.3240
82311	57.4142
82312	54.2448
82313	52.8700
82314	56.8620
82390	54.8440
82393	56.6980
82409	54.3880
82460	56.9040
82495	59.6540
82499	59.2680
82500	53.5380
82502	62.2760
82504	65.2480
82551	58.4060
82553	56.6480
82554	58.0360
82555	58.0900
82556	57.4160
82569	61.8540
82577	56.8420
82578	58.5100
82589	55.6740
82590	58.5800
82629	62.4560
82652	59.8800
82654	58.1600
82657	60.2240
82669	64.8850
82674	57.0620
82687	49.6700
82698	46.6700
82752	59.4720
82753	59.6260
82754	59.3900
82756	56.7080
82758	57.7640
82775	64.7517
82780	57.0220
82797	43.8940
82807	59.1200
82810	58.8660
82811	58.9120
82813	58.4240
82817	58.1560
82819	58.1740
82820	58.9240
82821	59.8320
82822	53.3400
82851	58.0800
82852	58.0120
82853	58.2260
82858	53.0660
82861	56.1000
82862	58.2940
82867	55.7340
82893	57.0200
82896	57.5560
82905	58.1580
82932	63.3652
82938	60.7618
82941	61.4794
82955	56.9880
83137	58.8486
83143	51.2310
83144	51.4808
83146	51.4894
83153	55.7960
83154	53.8034
83165	56.1566
83168	59.5540
83169	57.3586
83171	56.4334
83177	57.7000
83179	57.4980
83180	55.8464
83183	56.4650
83185	56.6292
83186	55.7482
83187	57.8760
83188	57.6842
83191	63.7792
83209	58.7518
83210	60.1732
83216	57.6374
83227	57.5120
83230	57.4646
83231	56.9784
83233	54.3042
83238	59.2248
83240	56.5028
83241	57.1664
83244	56.7428
83245	57.1064
83250	57.7978
83276	52.8934
83295	56.0350
83305	55.5682
83308	56.5086
83312	44.8088
83313	50.3616
83314	48.6628
83317	48.3456
83330	58.7160
83331	58.8591
83333	60.9730
83335	57.3838
83340	54.7304
83341	57.4046
83346	56.9386
83352	56.5938
83356	60.9688
83359	58.4238
83360	59.3742
83362	58.3124
83363	56.9138
83366	58.2920
83367	58.1794
83370	59.3804
83400	52.2774
83403	57.6890
83404	54.6010
83411	43.7860
83413	46.2000
83417	47.6192
83423	45.5970
83432	59.4822
83433	58.8138
83434	56.8432
83435	59.9280
83436	57.6040
83438	57.9058
83444	52.6466
83480	53.6152
83497	56.6692
83504	54.9146
83514	43.4698
83518	48.7310
83519	43.8003
83533	48.7734
83544	58.0122
83545	53.9698
83557	49.9122
83564	46.5076
83566	49.7438
83568	47.5344
83570	47.8712
83571	52.8374
83572	59.3380
83575	63.7992
83601	67.3056
83611	44.9130
83615	44.9916
83618	52.3500
83619	56.5379
83620	53.5300
83633	54.7178
83635	58.2726
83681	51.6278
83698	45.1830
83730	56.3352
73856 -1.000000
73857 -1.000000
73859 -1.000000
73860 -1.000000
73862 -1.000000
73863 -1.000000
73864 -1.000000
73865 -1.000000
73866 -1.000000
73867 -1.000000
73868 -1.000000
73869 -1.000000
73874 -1.000000
73876 -1.000000
73877 -1.000000
73878 -1.000000
73882 -1.000000
73883 -1.000000
73884 -1.000000
73889 -1.000000
73890 -1.000000
73891 -1.000000
73892 -1.000000
73893 -1.000000
73894 -1.000000
73896 -1.000000
73897 -1.000000
73898 -1.000000
73899 -1.000000
73900 -1.000000
73901 -1.000000
73903 -1.000000
73904 -1.000000
73905 -1.000000
73906 -1.000000
73907 -1.000000
73908 -1.000000
73909 -1.000000
73910 -1.000000
73915 -1.000000
73916 -1.000000
73917 -1.000000
73918 -1.000000
73919 -1.000000
73920 -1.000000
73921 -1.000000
73922 -1.000000
73923 -1.000000
73924 -1.000000
73925 -1.000000
73926 -1.000000
73927 -1.000000
73928 -1.000000
73929 -1.000000
73930 -1.000000
73931 -1.000000
73935 -1.000000
73936 -1.000000
73937 -1.000000
73938 -1.000000
73939 -1.000000
73940 -1.000000
73941 -1.000000
73943 -1.000000
73944 -1.000000
73945 -1.000000
73946 -1.000000
73948 -1.000000
73949 -1.000000
73950 -1.000000
73951 -1.000000
73952 -1.000000
73953 -1.000000
73954 -1.000000
73955 -1.000000
73957 -1.000000
73958 -1.000000
73959 -1.000000
73960 -1.000000
73962 -1.000000
73964 -1.000000
73965 -1.000000
73966 -1.000000
73970 -1.000000
73974 -1.000000
73975 -1.000000
73976 -1.000000
73978 -1.000000
73981 -1.000000
73982 -1.000000
73984 -1.000000
73985 -1.000000
73986 -1.000000
73987 -1.000000
73988 -1.000000
73989 -1.000000
73991 -1.000000
73992 -1.000000
73993 -1.000000
73994 -1.000000
73995 -1.000000
73996 -1.000000
73997 -1.000000
73998 -1.000000
73999 -1.000000
74002 -1.000000
74003 -1.000000
74004 -1.000000
74005 -1.000000
74006 -1.000000
74007 -1.000000
74008 -1.000000
74009 -1.000000
74010 -1.000000
74011 -1.000000
74012 -1.000000
74013 -1.000000
74014 -1.000000
74015 -1.000000
74017 -1.000000
74018 -1.000000
74019 -1.000000
74020 -1.000000
74021 -1.000000
74022 -1.000000
74023 -1.000000
74024 -1.000000
74025 -1.000000
74026 -1.000000
74027 -1.000000
74028 -1.000000
74029 -1.000000
74030 -1.000000
74031 -1.000000
74034 -1.000000
74035 -1.000000
74036 -1.000000
74037 -1.000000
74038 -1.000000
74040 -1.000000
74041 -1.000000
74042 -1.000000
74043 -1.000000
74044 -1.000000
74045 -1.000000
74046 -1.000000
74047 -1.000000
74048 -1.000000
74049 -1.000000
74050 -1.000000
74051 -1.000000
74052 -1.000000
74053 -1.000000
74054 -1.000000
74055 -1.000000
74056 -1.000000
74057 -1.000000
74060 -1.000000
74061 -1.000000
74062 -1.000000
74063 -1.000000
74064 -1.000000
74065 -1.000000
74066 -1.000000
74067 -1.000000
74068 -1.000000
74069 -1.000000
74070 -1.000000
74071 -1.000000
74072 -1.000000
74073 -1.000000
74075 -1.000000
74081 -1.000000
74082 -1.000000
74083 -1.000000
74084 -1.000000
74085 -1.000000
74086 -1.000000
74087 -1.000000
74088 -1.000000
74089 -1.000000
74090 -1.000000
74091 -1.000000
74092 -1.000000
74093 -1.000000
74094 -1.000000
74095 -1.000000
74096 -1.000000
74097 -1.000000
74101 -1.000000
74102 -1.000000
74103 -1.000000
74104 -1.000000
74105 -1.000000
74106 -1.000000
74107 -1.000000
74110 -1.000000
74111 -1.000000
74112 -1.000000
74113 -1.000000
74114 -1.000000
74115 -1.000000
74116 -1.000000
74117 -1.000000
74119 -1.000000
74120 -1.000000
74121 -1.000000
74122 -1.000000
74123 -1.000000
74124 -1.000000
74125 -1.000000
74126 -1.000000
74127 -1.000000
74128 -1.000000
74129 -1.000000
74130 -1.000000
74131 -1.000000
74132 -1.000000
74133 -1.000000
74134 -1.000000
74135 -1.000000
74136 -1.000000
74137 -1.000000
74138 -1.000000
74139 -1.000000
74140 -1.000000
74141 -1.000000
74142 -1.000000
74143 -1.000000
74144 -1.000000
74145 -1.000000
74146 -1.000000
74147 -1.000000
74149 -1.000000
74150 -1.000000
74151 -1.000000
74152 -1.000000
74154 -1.000000
74155 -1.000000
74156 -1.000000
74157 -1.000000
74158 -1.000000
74159 -1.000000
74160 -1.000000
74161 -1.000000
74162 -1.000000
74163 -1.000000
74167 -1.000000
74168 -1.000000
74169 -1.000000
74175 -1.000000
74176 -1.000000
74179 -1.000000
74180 -1.000000
74181 -1.000000
74182 -1.000000
74183 -1.000000
74184 -1.000000
74185 -1.000000
74186 -1.000000
74187 -1.000000
74188 -1.000000
74189 -1.000000
74190 -1.000000
74191 -1.000000
74192 -1.000000
74193 -1.000000
74194 -1.000000
74195 -1.000000
74197 -1.000000
74198 -1.000000
74200 -1.000000
74201 -1.000000
74206 -1.000000
74213 -1.000000
74216 -1.000000
74217 -1.000000
74219 -1.000000
74220 -1.000000
74223 -1.000000
74224 -1.000000
74225 -1.000000
74226 -1.000000
74227 -1.000000
74228 -1.000000
74230 -1.000000
74231 -1.000000
74232 -1.000000
74233 -1.000000
74234 -1.000000
74235 -1.000000
74237 -1.000000
74238 -1.000000
74239 -1.000000
74241 -1.000000
74242 -1.000000
74243 -1.000000
74244 -1.000000
74245 -1.000000
74246 -1.000000
74247 -1.000000
74248 -1.000000
74249 -1.000000
74250 -1.000000
74251 -1.000000
74252 -1.000000
74253 -1.000000
74254 -1.000000
74255 -1.000000
74256 -1.000000
74257 -1.000000
74258 -1.000000
74259 -1.000000
74261 -1.000000
74262 -1.000000
74264 -1.000000
74265 -1.000000
74266 -1.000000
74267 -1.000000
74268 -1.000000
74269 -1.000000
74270 -1.000000
74271 -1.000000
74272 -1.000000
74273 -1.000000
74274 -1.000000
74275 -1.000000
74276 -1.000000
74277 -1.000000
74278 -1.000000
74279 -1.000000
74280 -1.000000
74281 -1.000000
74282 -1.000000
74283 -1.000000
74284 -1.000000
74285 -1.000000
74286 -1.000000
74288 -1.000000
74289 -1.000000
74297 -1.000000
74298 -1.000000
74299 -1.000000
74302 -1.000000
74303 -1.000000
74304 -1.000000
74305 -1.000000
74306 -1.000000
74307 -1.000000
74308 -1.000000
74309 -1.000000
74310 -1.000000
74311 -1.000000
74312 -1.000000
74313 -1.000000
74314 -1.000000
74315 -1.000000
74316 -1.000000
74317 -1.000000
74318 -1.000000
74319 -1.000000
74320 -1.000000
74321 -1.000000
74322 -1.000000
74323 -1.000000
74324 -1.000000
74325 -1.000000
74332 -1.000000
74333 -1.000000
74335 -1.000000
74346 -1.000000
74347 -1.000000
74348 -1.000000
74351 -1.000000
74352 -1.000000
74353 -1.000000
74354 -1.000000
74355 -1.000000
74356 -1.000000
74357 -1.000000
74358 -1.000000
74359 -1.000000
74360 -1.000000
74361 -1.000000
74362 -1.000000
74363 -1.000000
74364 -1.000000
74365 -1.000000
74366 -1.000000
74367 -1.000000
74368 -1.000000
74371 -1.000000
74373 -1.000000
74374 -1.000000
74375 -1.000000
74376 -1.000000
74378 -1.000000
74379 -1.000000
74380 -1.000000
74381 -1.000000
74384 -1.000000
74386 -1.000000
74387 -1.000000
74388 -1.000000
74389 -1.000000
74390 -1.000000
74392 -1.000000
74395 -1.000000
74396 -1.000000
74398 -1.000000
74399 -1.000000
74400 -1.000000
74401 -1.000000
74402 -1.000000
74403 -1.000000
74404 -1.000000
74405 -1.000000
74406 -1.000000
74407 -1.000000
74410 -1.000000
74411 -1.000000
74412 -1.000000
74414 -1.000000
74419 -1.000000
74422 -1.000000
74423 -1.000000
74427 -1.000000
74428 -1.000000
74431 -1.000000
74432 -1.000000
74434 -1.000000
74438 -1.000000
74439 -1.000000
74441 -1.000000
74443 -1.000000
74444 -1.000000
74445 -1.000000
74446 -1.000000
74447 -1.000000
74451 -1.000000
74453 -1.000000
74454 -1.000000
74455 -1.000000
74457 -1.000000
74458 -1.000000
74459 -1.000000
74460 -1.000000
74461 -1.000000
74462 -1.000000
74463 -1.000000
74467 -1.000000
74468 -1.000000
74469 -1.000000
74470 -1.000000
74471 -1.000000
74472 -1.000000
74473 -1.000000
74474 -1.000000
74475 -1.000000
74476 -1.000000
74477 -1.000000
74478 -1.000000
74479 -1.000000
74481 -1.000000
74483 -1.000000
74484 -1.000000
74485 -1.000000
74486 -1.000000
74487 -1.000000
74488 -1.000000
74489 -1.000000
74490 -1.000000
74491 -1.000000
74492 -1.000000
74493 -1.000000
74496 -1.000000
74502 -1.000000
74503 -1.000000
74504 -1.000000
74508 -1.000000
74509 -1.000000
74510 -1.000000
74511 -1.000000
74512 -1.000000
74513 -1.000000
74514 -1.000000
74515 -1.000000
74517 -1.000000
74521 -1.000000
74523 -1.000000
74524 -1.000000
74525 -1.000000
74526 -1.000000
74527 -1.000000
74528 -1.000000
74529 -1.000000
74532 -1.000000
74536 -1.000000
74537 -1.000000
74538 -1.000000
74539 -1.000000
74540 -1.000000
74545 -1.000000
74548 -1.000000
74549 -1.000000
74550 -1.000000
74551 -1.000000
74552 -1.000000
74553 -1.000000
74554 -1.000000
74555 -1.000000
74556 -1.000000
74557 -1.000000
74558 -1.000000
74559 -1.000000
74560 -1.000000
74561 -1.000000
74564 -1.000000
74565 -1.000000
74566 -1.000000
74567 -1.000000
74568 -1.000000
74569 -1.000000
74573 -1.000000
74574 -1.000000
74575 -1.000000
74577 -1.000000
74580 -1.000000
74581 -1.000000
74582 -1.000000
74583 -1.000000
74584 -1.000000
74585 -1.000000
74586 -1.000000
74587 -1.000000
74588 -1.000000
74589 -1.000000
74590 -1.000000
74593 -1.000000
74596 -1.000000
74597 -1.000000
74598 -1.000000
74599 -1.000000
74602 -1.000000
74603 -1.000000
74604 -1.000000
74605 -1.000000
74606 -1.000000
74607 -1.000000
74608 -1.000000
74609 -1.000000
74610 -1.000000
74611 -1.000000
74612 -1.000000
74613 -1.000000
74614 -1.000000
74617 -1.000000
74618 -1.000000
74619 -1.000000
74620 -1.000000
74621 -1.000000
74622 -1.000000
74623 -1.000000
74625 -1.000000
74626 -1.000000
74627 -1.000000
74628 -1.000000
74629 -1.000000
74630 -1.000000
74631 -1.000000
74632 -1.000000
74633 -1.000000
74634 -1.000000
74635 -1.000000
74636 -1.000000
74637 -1.000000
74638 -1.000000
74639 -1.000000
74640 -1.000000
74641 -1.000000
74643 -1.000000
74644 -1.000000
74646 -1.000000
74647 -1.000000
74648 -1.000000
74650 -1.000000
74651 -1.000000
74652 -1.000000
74657 -1.000000
74658 -1.000000
74659 -1.000000
74660 -1.000000
74661 -1.000000
74662 -1.000000
74663 -1.000000
74664 -1.000000
74665 -1.000000
74666 -1.000000
74667 -1.000000
74668 -1.000000
74669 -1.000000
74670 -1.000000
74672 -1.000000
74673 -1.000000
74674 -1.000000
74675 -1.000000
74676 -1.000000
74677 -1.000000
74678 -1.000000
74679 -1.000000
74680 -1.000000
74681 -1.000000
74682 -1.000000
74684 -1.000000
74685 -1.000000
74686 -1.000000
74687 -1.000000
74688 -1.000000
74689 -1.000000
74690 -1.000000
74691 -1.000000
74692 -1.000000
74696 -1.000000
74697 -1.000000
74699 -1.000000
74700 -1.000000
74701 -1.000000
74702 -1.000000
74703 -1.000000
74705 -1.000000
74706 -1.000000
74708 -1.000000
74709 -1.000000
74710 -1.000000
74711 -1.000000
74713 -1.000000
74715 -1.000000
74716 -1.000000
74717 -1.000000
74719 -1.000000
74720 -1.000000
74724 -1.000000
74726 -1.000000
74727 -1.000000
74728 -1.000000
74729 -1.000000
74730 -1.000000
74732 -1.000000
74733 -1.000000
74735 -1.000000
74736 -1.000000
74737 -1.000000
74739 -1.000000
74740 -1.000000
74741 -1.000000
74742 -1.000000
74743 -1.000000
74744 -1.000000
74745 -1.000000
74748 -1.000000
74749 -1.000000
74750 -1.000000
74751 -1.000000
74752 -1.000000
74753 -1.000000
74754 -1.000000
74755 -1.000000
74756 -1.000000
74757 -1.000000
74758 -1.000000
74759 -1.000000
74760 -1.000000
74761 -1.000000
74762 -1.000000
74763 -1.000000
74764 -1.000000
74765 -1.000000
74767 -1.000000
74768 -1.000000
74769 -1.000000
74770 -1.000000
74771 -1.000000
74772 -1.000000
74773 -1.000000
74774 -1.000000
74775 -1.000000
74776 -1.000000
74777 -1.000000
74778 -1.000000
74779 -1.000000
74781 -1.000000
74782 -1.000000
74783 -1.000000
74784 -1.000000
74785 -1.000000
74787 -1.000000
74788 -1.000000
74789 -1.000000
74790 -1.000000
74791 -1.000000
74792 -1.000000
74793 -1.000000
74794 -1.000000
74795 -1.000000
74798 -1.000000
74799 -1.000000
74800 -1.000000
74801 -1.000000
74802 -1.000000
74803 -1.000000
74804 -1.000000
74805 -1.000000
74807 -1.000000
74811 -1.000000
74812 -1.000000
74816 -1.000000
74819 -1.000000
74820 -1.000000
74822 -1.000000
74824 -1.000000
74827 -1.000000
74831 -1.000000
74833 -1.000000
74834 -1.000000
74836 -1.000000
74840 -1.000000
74841 -1.000000
74842 -1.000000
74845 -1.000000
74846 -1.000000
74847 -1.000000
74849 -1.000000
74850 -1.000000
74851 -1.000000
74855 -1.000000
74859 -1.000000
74870 -1.000000
74871 -1.000000
74872 -1.000000
74880 -1.000000
74881 -1.000000
74885 -1.000000
74886 -1.000000
74889 -1.000000
74891 -1.000000
74892 -1.000000
74894 -1.000000
74897 -1.000000
74898 -1.000000
74900 -1.000000
74901 -1.000000
74902 -1.000000
74903 -1.000000
74904 -1.000000
74905 -1.000000
74906 -1.000000
74907 -1.000000
74908 -1.000000
74909 -1.000000
74910 -1.000000
74911 -1.000000
74912 -1.000000
74913 -1.000000
74915 -1.000000
74916 -1.000000
74917 -1.000000
74918 -1.000000
74919 -1.000000
74920 -1.000000
74921 -1.000000
74922 -1.000000
74924 -1.000000
74925 -1.000000
74926 -1.000000
74927 -1.000000
74928 -1.000000
74929 -1.000000
74930 -1.000000
74931 -1.000000
74932 -1.000000
74933 -1.000000
74934 -1.000000
74935 -1.000000
74936 -1.000000
74939 -1.000000
74940 -1.000000
74941 -1.000000
74944 -1.000000
74945 -1.000000
74946 -1.000000
74947 -1.000000
74948 -1.000000
74949 -1.000000
74950 -1.000000
74951 -1.000000
74952 -1.000000
74956 -1.000000
74957 -1.000000
74958 -1.000000
74959 -1.000000
74960 -1.000000
74961 -1.000000
74962 -1.000000
74963 -1.000000
74964 -1.000000
74965 -1.000000
74966 -1.000000
74967 -1.000000
74968 -1.000000
74969 -1.000000
74970 -1.000000
74971 -1.000000
74972 -1.000000
74973 -1.000000
74974 -1.000000
74975 -1.000000
74976 -1.000000
74977 -1.000000
74978 -1.000000
74979 -1.000000
74980 -1.000000
74981 -1.000000
74982 -1.000000
74983 -1.000000
74984 -1.000000
74985 -1.000000
74986 -1.000000
74987 -1.000000
74988 -1.000000
74989 -1.000000
74990 -1.000000
74991 -1.000000
74992 -1.000000
74993 -1.000000
74994 -1.000000
74995 -1.000000
74997 -1.000000
74998 -1.000000
74999 -1.000000
75000 -1.000000
75001 -1.000000
75002 -1.000000
75005 -1.000000
75006 -1.000000
75008 -1.000000
75009 -1.000000
75010 -1.000000
75011 -1.000000
75012 -1.000000
75014 -1.000000
75015 -1.000000
75016 -1.000000
75017 -1.000000
75018 -1.000000
75019 -1.000000
75020 -1.000000
75021 -1.000000
75023 -1.000000
75024 -1.000000
75025 -1.000000
75026 -1.000000
75027 -1.000000
75028 -1.000000
75030 -1.000000
75032 -1.000000
75033 -1.000000
75034 -1.000000
75035 -1.000000
75036 -1.000000
75037 -1.000000
75038 -1.000000
75039 -1.000000
75040 -1.000000
75041 -1.000000
75042 -1.000000
75043 -1.000000
75044 -1.000000
75045 -1.000000
75046 -1.000000
75047 -1.000000
75048 -1.000000
75049 -1.000000
75050 -1.000000
75051 -1.000000
75052 -1.000000
75053 -1.000000
75054 -1.000000
75055 -1.000000
75057 -1.000000
75058 -1.000000
75059 -1.000000
75060 -1.000000
75064 -1.000000
75065 -1.000000
75066 -1.000000
75068 -1.000000
75069 -1.000000
75070 -1.000000
75071 -1.000000
75072 -1.000000
75073 -1.000000
75074 -1.000000
75075 -1.000000
75078 -1.000000
75079 -1.000000
75080 -1.000000
75081 -1.000000
75082 -1.000000
75083 -1.000000
75085 -1.000000
75086 -1.000000
75087 -1.000000
75088 -1.000000
75089 -1.000000
75090 -1.000000
75091 -1.000000
75092 -1.000000
75093 -1.000000
75094 -1.000000
75095 -1.000000
75096 -1.000000
75097 -1.000000
75098 -1.000000
75099 -1.000000
75100 -1.000000
75101 -1.000000
75102 -1.000000
75103 -1.000000
75104 -1.000000
75105 -1.000000
75106 -1.000000
75107 -1.000000
75108 -1.000000
75109 -1.000000
75110 -1.000000
75111 -1.000000
75112 -1.000000
75113 -1.000000
75114 -1.000000
75115 -1.000000
75117 -1.000000
75118 -1.000000
75119 -1.000000
75120 -1.000000
75121 -1.000000
75122 -1.000000
75123 -1.000000
75124 -1.000000
75125 -1.000000
75126 -1.000000
75127 -1.000000
75128 -1.000000
75129 -1.000000
75130 -1.000000
75131 -1.000000
75132 -1.000000
75133 -1.000000
75134 -1.000000
75135 -1.000000
75136 -1.000000
75137 -1.000000
75138 -1.000000
75140 -1.000000
75141 -1.000000
75142 -1.000000
75144 -1.000000
75145 -1.000000
75146 -1.000000
75147 -1.000000
75148 -1.000000
75149 -1.000000
75150 -1.000000
75151 -1.000000
75152 -1.000000
75153 -1.000000
75154 -1.000000
75155 -1.000000
75156 -1.000000
75157 -1.000000
75158 -1.000000
75159 -1.000000
75160 -1.000000
75161 -1.000000
75164 -1.000000
75165 -1.000000
75166 -1.000000
75167 -1.000000
75168 -1.000000
75170 -1.000000
75171 -1.000000
75172 -1.000000
75173 -1.000000
75174 -1.000000
75175 -1.000000
75176 -1.000000
75177 -1.000000
75178 -1.000000
75181 -1.000000
75182 -1.000000
75183 -1.000000
75184 -1.000000
75185 -1.000000
75186 -1.000000
75187 -1.000000
75188 -1.000000
75189 -1.000000
75190 -1.000000
75191 -1.000000
75193 -1.000000
75194 -1.000000
75195 -1.000000
75196 -1.000000
75200 -1.000000
75201 -1.000000
75202 -1.000000
75203 -1.000000
75204 -1.000000
75205 -1.000000
75206 -1.000000
75207 -1.000000
75208 -1.000000
75209 -1.000000
75212 -1.000000
75213 -1.000000
75215 -1.000000
75216 -1.000000
75217 -1.000000
75220 -1.000000
75221 -1.000000
75222 -1.000000
75223 -1.000000
75224 -1.000000
75225 -1.000000
75226 -1.000000
75228 -1.000000
75229 -1.000000
75230 -1.000000
75231 -1.000000
75232 -1.000000
75233 -1.000000
75234 -1.000000
75235 -1.000000
75236 -1.000000
75237 -1.000000
75238 -1.000000
75239 -1.000000
75240 -1.000000
75241 -1.000000
75242 -1.000000
75243 -1.000000
75244 -1.000000
75245 -1.000000
75246 -1.000000
75247 -1.000000
75271 -1.000000
75277 -1.000000
75278 -1.000000
75282 -1.000000
75284 -1.000000
75286 -1.000000
75287 -1.000000
75288 -1.000000
75289 -1.000000
75290 -1.000000
75291 -1.000000
75292 -1.000000
75293 -1.000000
75294 -1.000000
75295 -1.000000
75296 -1.000000
75297 -1.000000
75298 -1.000000
75300 -1.000000
75301 -1.000000
75302 -1.000000
75303 -1.000000
75304 -1.000000
75305 -1.000000
75306 -1.000000
75309 -1.000000
75310 -1.000000
75311 -1.000000
75312 -1.000000
75313 -1.000000
75314 -1.000000
75315 -1.000000
75316 -1.000000
75317 -1.000000
75318 -1.000000
75319 -1.000000
75321 -1.000000
75322 -1.000000
75323 -1.000000
75324 -1.000000
75325 -1.000000
75326 -1.000000
75327 -1.000000
75328 -1.000000
75329 -1.000000
75330 -1.000000
75333 -1.000000
75337 -1.000000
75341 -1.000000
75345 -1.000000
75346 -1.000000
75347 -1.000000
75348 -1.000000
75349 -1.000000
75350 -1.000000
75364 -1.000000
75366 -1.000000
75367 -1.000000
75368 -1.000000
75369 -1.000000
75370 -1.000000
75371 -1.000000
75372 -1.000000
75380 -1.000000
75381 -1.000000
75382 -1.000000
75383 -1.000000
75385 -1.000000
75386 -1.000000
75387 -1.000000
75388 -1.000000
75389 -1.000000
75390 -1.000000
75391 -1.000000
75392 -1.000000
75393 -1.000000
75394 -1.000000
75395 -1.000000
75396 -1.000000
75397 -1.000000
75398 -1.000000
75399 -1.000000
75400 -1.000000
75401 -1.000000
75402 -1.000000
75403 -1.000000
75404 -1.000000
75405 -1.000000
75406 -1.000000
75407 -1.000000
75410 -1.000000
75411 -1.000000
75412 -1.000000
75413 -1.000000
75414 -1.000000
75422 -1.000000
75425 -1.000000
75429 -1.000000
75430 -1.000000
75431 -1.000000
75432 -1.000000
75433 -1.000000
75434 -1.000000
75435 -1.000000
75436 -1.000000
75439 -1.000000
75440 -1.000000
75441 -1.000000
75442 -1.000000
75443 -1.000000
75444 -1.000000
75446 -1.000000
75447 -1.000000
75448 -1.000000
75449 -1.000000
75450 -1.000000
75451 -1.000000
75452 -1.000000
75454 -1.000000
75455 -1.000000
75456 -1.000000
75457 -1.000000
75458 -1.000000
75459 -1.000000
75460 -1.000000
75461 -1.000000
75462 -1.000000
75463 -1.000000
75464 -1.000000
75465 -1.000000
75466 -1.000000
75468 -1.000000
75469 -1.000000
75470 -1.000000
75471 -1.000000
75472 -1.000000
75473 -1.000000
75474 -1.000000
75476 -1.000000
75477 -1.000000
75481 -1.000000
75482 -1.000000
75484 -1.000000
75487 -1.000000
75488 -1.000000
75489 -1.000000
75491 -1.000000
75492 -1.000000
75493 -1.000000
75494 -1.000000
75497 -1.000000
75498 -1.000000
75499 -1.000000
75500 -1.000000
75501 -1.000000
75502 -1.000000
75503 -1.000000
75504 -1.000000
75505 -1.000000
75506 -1.000000
75507 -1.000000
75508 -1.000000
75509 -1.000000
75510 -1.000000
75511 -1.000000
75512 -1.000000
75513 -1.000000
75514 -1.000000
75516 -1.000000
75517 -1.000000
75518 -1.000000
75519 -1.000000
75520 -1.000000
75521 -1.000000
75522 -1.000000
75523 -1.000000
75524 -1.000000
75525 -1.000000
75526 -1.000000
75527 -1.000000
75528 -1.000000
75529 -1.000000
75530 -1.000000
75531 -1.000000
75532 -1.000000
75533 -1.000000
75534 -1.000000
75535 -1.000000
75536 -1.000000
75537 -1.000000
75538 -1.000000
75539 -1.000000
75540 -1.000000
75541 -1.000000
75545 -1.000000
75548 -1.000000
75549 -1.000000
75550 -1.000000
75551 -1.000000
75552 -1.000000
75553 -1.000000
75554 -1.000000
75555 -1.000000
75556 -1.000000
75557 -1.000000
75558 -1.000000
75559 -1.000000
75560 -1.000000
75561 -1.000000
75562 -1.000000
75563 -1.000000
75564 -1.000000
75565 -1.000000
75566 -1.000000
75567 -1.000000
75568 -1.000000
75569 -1.000000
75570 -1.000000
75571 -1.000000
75573 -1.000000
75574 -1.000000
75575 -1.000000
75576 -1.000000
75577 -1.000000
75578 -1.000000
75580 -1.000000
75581 -1.000000
75582 -1.000000
75583 -1.000000
75584 -1.000000
75585 -1.000000
75586 -1.000000
75587 -1.000000
75588 -1.000000
75589 -1.000000
75590 -1.000000
75591 -1.000000
75592 -1.000000
75593 -1.000000
75594 -1.000000
75595 -1.000000
75596 -1.000000
75597 -1.000000
75598 -1.000000
75599 -1.000000
75602 -1.000000
75603 -1.000000
75604 -1.000000
75605 -1.000000
75606 -1.000000
75607 -1.000000
75610 -1.000000
75611 -1.000000
75616 -1.000000
75617 -1.000000
75618 -1.000000
75620 -1.000000
75623 -1.000000
75624 -1.000000
75625 -1.000000
75626 -1.000000
75627 -1.000000
75628 -1.000000
75629 -1.000000
75630 -1.000000
75631 -1.000000
75632 -1.000000
75634 -1.000000
75635 -1.000000
75636 -1.000000
75637 -1.000000
75638 -1.000000
75639 -1.000000
75640 -1.000000
75641 -1.000000
75642 -1.000000
75643 -1.000000
75644 -1.000000
75645 -1.000000
75646 -1.000000
75647 -1.000000
75648 -1.000000
75649 -1.000000
75650 -1.000000
75651 -1.000000
75654 -1.000000
75655 -1.000000
75656 -1.000000
75660 -1.000000
75661 -1.000000
75662 -1.000000
75664 -1.000000
75665 -1.000000
75666 -1.000000
75667 -1.000000
75668 -1.000000
75670 -1.000000
75672 -1.000000
75676 -1.000000
75677 -1.000000
75680 -1.000000
75681 -1.000000
75683 -1.000000
75684 -1.000000
75685 -1.000000
75686 -1.000000
75687 -1.000000
75688 -1.000000
75693 -1.000000
75694 -1.000000
75696 -1.000000
75697 -1.000000
75698 -1.000000
75699 -1.000000
75700 -1.000000
75701 -1.000000
75702 -1.000000
75703 -1.000000
75704 -1.000000
75705 -1.000000
75706 -1.000000
75707 -1.000000
75708 -1.000000
75709 -1.000000
75710 -1.000000
75711 -1.000000
75712 -1.000000
75713 -1.000000
75714 -1.000000
75715 -1.000000
75716 -1.000000
75718 -1.000000
75719 -1.000000
75720 -1.000000
75722 -1.000000
75723 -1.000000
75724 -1.000000
75725 -1.000000
75726 -1.000000
75727 -1.000000
75733 -1.000000
75734 -1.000000
75735 -1.000000
75737 -1.000000
75738 -1.000000
75739 -1.000000
75740 -1.000000
75741 -1.000000
75742 -1.000000
75743 -1.000000
75744 -1.000000
75745 -1.000000
75746 -1.000000
75747 -1.000000
75748 -1.000000
75749 -1.000000
75750 -1.000000
75752 -1.000000
75754 -1.000000
75755 -1.000000
75756 -1.000000
75757 -1.000000
75758 -1.000000
75759 -1.000000
75760 -1.000000
75761 -1.000000
75763 -1.000000
75764 -1.000000
75765 -1.000000
75767 -1.000000
75770 -1.000000
75771 -1.000000
75772 -1.000000
75773 -1.000000
75775 -1.000000
75776 -1.000000
75777 -1.000000
75779 -1.000000
75781 -1.000000
75782 -1.000000
75783 -1.000000
75784 -1.000000
75785 -1.000000
75788 -1.000000
75789 -1.000000
75791 -1.000000
75792 -1.000000
75793 -1.000000
75794 -1.000000
75795 -1.000000
75796 -1.000000
75797 -1.000000
75798 -1.000000
75801 -1.000000
75802 -1.000000
75803 -1.000000
75804 -1.000000
75805 -1.000000
75806 -1.000000
75807 -1.000000
75808 -1.000000
75809 -1.000000
75810 -1.000000
75812 -1.000000
75813 -1.000000
75814 -1.000000
75815 -1.000000
75816 -1.000000
75817 -1.000000
75818 -1.000000
75819 -1.000000
75820 -1.000000
75821 -1.000000
75822 -1.000000
75823 -1.000000
75824 -1.000000
75825 -1.000000
75827 -1.000000
75828 -1.000000
75829 -1.000000
75830 -1.000000
75831 -1.000000
75832 -1.000000
75833 -1.000000
75834 -1.000000
75839 -1.000000
75841 -1.000000
75842 -1.000000
75843 -1.000000
75847 -1.000000
75848 -1.000000
75849 -1.000000
75850 -1.000000
75851 -1.000000
75852 -1.000000
75853 -1.000000
75854 -1.000000
75856 -1.000000
75857 -1.000000
75858 -1.000000
75859 -1.000000
75860 -1.000000
75861 -1.000000
75862 -1.000000
75863 -1.000000
75864 -1.000000
75865 -1.000000
75866 -1.000000
75867 -1.000000
75868 -1.000000
75869 -1.000000
75870 -1.000000
75871 -1.000000
75872 -1.000000
75873 -1.000000
75874 -1.000000
75875 -1.000000
75876 -1.000000
75877 -1.000000
75878 -1.000000
75879 -1.000000
75882 -1.000000
75883 -1.000000
75884 -1.000000
75885 -1.000000
75886 -1.000000
75888 -1.000000
75898 -1.000000
75899 -1.000000
75902 -1.000000
75904 -1.000000
75905 -1.000000
75906 -1.000000
75909 -1.000000
75910 -1.000000
75911 -1.000000
75912 -1.000000
75913 -1.000000
75914 -1.000000
75915 -1.000000
75916 -1.000000
75917 -1.000000
75918 -1.000000
75921 -1.000000
75922 -1.000000
75923 -1.000000
75924 -1.000000
75925 -1.000000
75926 -1.000000
75927 -1.000000
75928 -1.000000
75929 -1.000000
75930 -1.000000
75931 -1.000000
75933 -1.000000
75934 -1.000000
75935 -1.000000
75936 -1.000000
75937 -1.000000
75938 -1.000000
75939 -1.000000
75940 -1.000000
75941 -1.000000
75942 -1.000000
75943 -1.000000
75944 -1.000000
75945 -1.000000
75946 -1.000000
75947 -1.000000
75950 -1.000000
75952 -1.000000
75953 -1.000000
75954 -1.000000
75956 -1.000000
75957 -1.000000
75958 -1.000000
75959 -1.000000
75960 -1.000000
75961 -1.000000
75962 -1.000000
75963 -1.000000
75964 -1.000000
75965 -1.000000
75966 -1.000000
75967 -1.000000
75968 -1.000000
75970 -1.000000
75973 -1.000000
75974 -1.000000
75975 -1.000000
75976 -1.000000
75977 -1.000000
75978 -1.000000
75979 -1.000000
75981 -1.000000
75982 -1.000000
75984 -1.000000
75985 -1.000000
75986 -1.000000
75987 -1.000000
75988 -1.000000
75989 -1.000000
75990 -1.000000
75991 -1.000000
75992 -1.000000
75993 -1.000000
75994 -1.000000
75995 -1.000000
75996 -1.000000
75997 -1.000000
75998 -1.000000
75999 -1.000000
76000 -1.000000
76001 -1.000000
76002 -1.000000
76003 -1.000000
76004 -1.000000
76005 -1.000000
76010 -1.000000
76011 -1.000000
76012 -1.000000
76013 -1.000000
76014 -1.000000
76016 -1.000000
76017 -1.000000
76018 -1.000000
76019 -1.000000
76020 -1.000000
76021 -1.000000
76022 -1.000000
76023 -1.000000
76024 -1.000000
76025 -1.000000
76026 -1.000000
76027 -1.000000
76029 -1.000000
76033 -1.000000
76034 -1.000000
76035 -1.000000
76036 -1.000000
76037 -1.000000
76038 -1.000000
76039 -1.000000
76040 -1.000000
76041 -1.000000
76042 -1.000000
76043 -1.000000
76044 -1.000000
76045 -1.000000
76046 -1.000000
76047 -1.000000
76048 -1.000000
76049 -1.000000
76050 -1.000000
76051 -1.000000
76053 -1.000000
76056 -1.000000
76057 -1.000000
76058 -1.000000
76060 -1.000000
76061 -1.000000
76062 -1.000000
76063 -1.000000
76065 -1.000000
76066 -1.000000
76067 -1.000000
76068 -1.000000
76069 -1.000000
76070 -1.000000
76071 -1.000000
76072 -1.000000
76073 -1.000000
76074 -1.000000
76075 -1.000000
76076 -1.000000
76077 -1.000000
76078 -1.000000
76079 -1.000000
76080 -1.000000
76081 -1.000000
76082 -1.000000
76083 -1.000000
76084 -1.000000
76085 -1.000000
76086 -1.000000
76088 -1.000000
76089 -1.000000
76090 -1.000000
76091 -1.000000
76092 -1.000000
76094 -1.000000
76095 -1.000000
76096 -1.000000
76097 -1.000000
76098 -1.000000
76099 -1.000000
76100 -1.000000
76101 -1.000000
76102 -1.000000
76103 -1.000000
76104 -1.000000
76105 -1.000000
76106 -1.000000
76107 -1.000000
76108 -1.000000
76109 -1.000000
76110 -1.000000
76111 -1.000000
76112 -1.000000
76113 -1.000000
76114 -1.000000
76115 -1.000000
76117 -1.000000
76118 -1.000000
76119 -1.000000
76120 -1.000000
76121 -1.000000
76123 -1.000000
76124 -1.000000
76125 -1.000000
76126 -1.000000
76127 -1.000000
76128 -1.000000
76129 -1.000000
76130 -1.000000
76131 -1.000000
76133 -1.000000
76134 -1.000000
76135 -1.000000
76136 -1.000000
76137 -1.000000
76138 -1.000000
76139 -1.000000
76141 -1.000000
76142 -1.000000
76143 -1.000000
76144 -1.000000
76145 -1.000000
76146 -1.000000
76147 -1.000000
76148 -1.000000
76149 -1.000000
76151 -1.000000
76152 -1.000000
76153 -1.000000
76154 -1.000000
76155 -1.000000
76156 -1.000000
76157 -1.000000
76158 -1.000000
76159 -1.000000
76160 -1.000000
76161 -1.000000
76162 -1.000000
76163 -1.000000
76164 -1.000000
76165 -1.000000
76166 -1.000000
76167 -1.000000
76168 -1.000000
76169 -1.000000
76170 -1.000000
76171 -1.000000
76172 -1.000000
76173 -1.000000
76174 -1.000000
76175 -1.000000
76176 -1.000000
76177 -1.000000
76178 -1.000000
76179 -1.000000
76180 -1.000000
76182 -1.000000
76183 -1.000000
76184 -1.000000
76185 -1.000000
76186 -1.000000
76187 -1.000000
76188 -1.000000
76189 -1.000000
76190 -1.000000
76191 -1.000000
76192 -1.000000
76195 -1.000000
76196 -1.000000
76197 -1.000000
76198 -1.000000
76199 -1.000000
76200 -1.000000
76201 -1.000000
76202 -1.000000
76203 -1.000000
76204 -1.000000
76205 -1.000000
76206 -1.000000
76208 -1.000000
76209 -1.000000
76210 -1.000000
76211 -1.000000
76212 -1.000000
76213 -1.000000
76214 -1.000000
76215 -1.000000
76216 -1.000000
76217 -1.000000
76218 -1.000000
76219 -1.000000
76220 -1.000000
76221 -1.000000
76222 -1.000000
76223 -1.000000
76224 -1.000000
76225 -1.000000
76226 -1.000000
76227 -1.000000
76228 -1.000000
76229 -1.000000
76230 -1.000000
76231 -1.000000
76233 -1.000000
76234 -1.000000
76235 -1.000000
76236 -1.000000
76237 -1.000000
76238 -1.000000
76240 -1.000000
76241 -1.000000
76242 -1.000000
76243 -1.000000
76244 -1.000000
76246 -1.000000
76247 -1.000000
76248 -1.000000
76249 -1.000000
76250 -1.000000
76255 -1.000000
76259 -1.000000
76262 -1.000000
76265 -1.000000
76267 -1.000000
76268 -1.000000
76269 -1.000000
76271 -1.000000
76272 -1.000000
76273 -1.000000
76274 -1.000000
76275 -1.000000
76276 -1.000000
76277 -1.000000
76278 -1.000000
76279 -1.000000
76280 -1.000000
76281 -1.000000
76283 -1.000000
76287 -1.000000
76288 -1.000000
76289 -1.000000
76290 -1.000000
76291 -1.000000
76296 -1.000000
76297 -1.000000
76298 -1.000000
76300 -1.000000
76301 -1.000000
76303 -1.000000
76304 -1.000000
76305 -1.000000
76306 -1.000000
76307 -1.000000
76308 -1.000000
76309 -1.000000
76311 -1.000000
76312 -1.000000
76313 -1.000000
76329 -1.000000
76396 -1.000000
76400 -1.000000
76404 -1.000000
76406 -1.000000
76408 -1.000000
76409 -1.000000
76410 -1.000000
76411 -1.000000
76412 -1.000000
76413 -1.000000
76414 -1.000000
76415 -1.000000
76416 -1.000000
76417 -1.000000
76418 -1.000000
76419 -1.000000
76420 -1.000000
76421 -1.000000
76422 -1.000000
76426 -1.000000
76428 -1.000000
76430 -1.000000
76434 -1.000000
76437 -1.000000
76438 -1.000000
76440 -1.000000
76441 -1.000000
76442 -1.000000
76443 -1.000000
76444 -1.000000
76445 -1.000000
76446 -1.000000
76447 -1.000000
76448 -1.000000
76449 -1.000000
76450 -1.000000
76451 -1.000000
76452 -1.000000
76453 -1.000000
76454 -1.000000
76455 -1.000000
76456 -1.000000
76457 -1.000000
76458 -1.000000
76460 -1.000000
76461 -1.000000
76462 -1.000000
76463 -1.000000
76464 -1.000000
76465 -1.000000
76466 -1.000000
76467 -1.000000
76468 -1.000000
76469 -1.000000
76470 -1.000000
76471 -1.000000
76472 -1.000000
76473 -1.000000
76474 -1.000000
76475 -1.000000
76476 -1.000000
76477 -1.000000
76478 -1.000000
76479 -1.000000
76480 -1.000000
76481 -1.000000
76482 -1.000000
76483 -1.000000
76485 -1.000000
76486 -1.000000
76487 -1.000000
76488 -1.000000
76489 -1.000000
76490 -1.000000
76492 -1.000000
76493 -1.000000
76494 -1.000000
76495 -1.000000
76496 -1.000000
76498 -1.000000
76501 -1.000000
76502 -1.000000
76503 -1.000000
76504 -1.000000
76505 -1.000000
76506 -1.000000
76507 -1.000000
76508 -1.000000
76509 -1.000000
76510 -1.000000
76511 -1.000000
76514 -1.000000
76515 -1.000000
76516 -1.000000
76518 -1.000000
76519 -1.000000
76520 -1.000000
76521 -1.000000
76522 -1.000000
76523 -1.000000
76525 -1.000000
76526 -1.000000
76527 -1.000000
76528 -1.000000
76529 -1.000000
76531 -1.000000
76542 -1.000000
76543 -1.000000
76546 -1.000000
76547 -1.000000
76548 -1.000000
76549 -1.000000
76550 -1.000000
76551 -1.000000
76552 -1.000000
76553 -1.000000
76554 -1.000000
76555 -1.000000
76556 -1.000000
76557 -1.000000
76558 -1.000000
76559 -1.000000
76560 -1.000000
76561 -1.000000
76562 -1.000000
76563 -1.000000
76564 -1.000000
76565 -1.000000
76567 -1.000000
76568 -1.000000
76569 -1.000000
76570 -1.000000
76571 -1.000000
76572 -1.000000
76573 -1.000000
76574 -1.000000
76575 -1.000000
76576 -1.000000
76577 -1.000000
76578 -1.000000
76579 -1.000000
76580 -1.000000
76581 -1.000000
76582 -1.000000
76583 -1.000000
76584 -1.000000
76585 -1.000000
76586 -1.000000
76587 -1.000000
76588 -1.000000
76591 -1.000000
76594 -1.000000
76595 -1.000000
76597 -1.000000
76599 -1.000000
76600 -1.000000
76601 -1.000000
76602 -1.000000
76603 -1.000000
76604 -1.000000
76605 -1.000000
76606 -1.000000
76607 -1.000000
76608 -1.000000
76609 -1.000000
76610 -1.000000
76611 -1.000000
76612 -1.000000
76613 -1.000000
76614 -1.000000
76615 -1.000000
76616 -1.000000
76617 -1.000000
76618 -1.000000
76619 -1.000000
76620 -1.000000
76621 -1.000000
76622 -1.000000
76623 -1.000000
76624 -1.000000
76625 -1.000000
76626 -1.000000
76627 -1.000000
76628 -1.000000
76629 -1.000000
76630 -1.000000
76631 -1.000000
76632 -1.000000
76634 -1.000000
76635 -1.000000
76636 -1.000000
76637 -1.000000
76638 -1.000000
76639 -1.000000
76640 -1.000000
76641 -1.000000
76642 -1.000000
76643 -1.000000
76644 -1.000000
76645 -1.000000
76646 -1.000000
76647 -1.000000
76648 -1.000000
76649 -1.000000
76650 -1.000000
76651 -1.000000
76652 -1.000000
76653 -1.000000
76654 -1.000000
76659 -1.000000
76660 -1.000000
76661 -1.000000
76662 -1.000000
76663 -1.000000
76665 -1.000000
76666 -1.000000
76667 -1.000000
76668 -1.000000
76669 -1.000000
76670 -1.000000
76671 -1.000000
76675 -1.000000
76676 -1.000000
76677 -1.000000
76678 -1.000000
76679 -1.000000
76680 -1.000000
76681 -1.000000
76683 -1.000000
76685 -1.000000
76686 -1.000000
76687 -1.000000
76688 -1.000000
76689 -1.000000
76690 -1.000000
76691 -1.000000
76693 -1.000000
76696 -1.000000
76697 -1.000000
76698 -1.000000
76699 -1.000000
76700 -1.000000
76701 -1.000000
76702 -1.000000
76703 -1.000000
76704 -1.000000
76707 -1.000000
76708 -1.000000
76709 -1.000000
76710 -1.000000
76711 -1.000000
76712 -1.000000
76713 -1.000000
76714 -1.000000
76715 -1.000000
76716 -1.000000
76717 -1.000000
76720 -1.000000
76721 -1.000000
76722 -1.000000
76723 -1.000000
76724 -1.000000
76725 -1.000000
76726 -1.000000
76727 -1.000000
76728 -1.000000
76729 -1.000000
76732 -1.000000
76733 -1.000000
76734 -1.000000
76735 -1.000000
76736 -1.000000
76737 -1.000000
76738 -1.000000
76739 -1.000000
76740 -1.000000
76741 -1.000000
76742 -1.000000
76744 -1.000000
76745 -1.000000
76746 -1.000000
76747 -1.000000
76748 -1.000000
76749 -1.000000
76750 -1.000000
76751 -1.000000
76752 -1.000000
76753 -1.000000
76754 -1.000000
76755 -1.000000
76756 -1.000000
76757 -1.000000
76758 -1.000000
76761 -1.000000
76762 -1.000000
76763 -1.000000
76764 -1.000000
76766 -1.000000
76767 -1.000000
76768 -1.000000
76769 -1.000000
76771 -1.000000
76772 -1.000000
76773 -1.000000
76774 -1.000000
76775 -1.000000
76776 -1.000000
76777 -1.000000
76778 -1.000000
76779 -1.000000
76780 -1.000000
76781 -1.000000
76782 -1.000000
76784 -1.000000
76786 -1.000000
76787 -1.000000
76789 -1.000000
76790 -1.000000
76791 -1.000000
76792 -1.000000
76793 -1.000000
76798 -1.000000
76800 -1.000000
76801 -1.000000
76802 -1.000000
76803 -1.000000
76804 -1.000000
76805 -1.000000
76806 -1.000000
76807 -1.000000
76808 -1.000000
76809 -1.000000
76810 -1.000000
76811 -1.000000
76816 -1.000000
76824 -1.000000
76827 -1.000000
76828 -1.000000
76831 -1.000000
76832 -1.000000
76833 -1.000000
76834 -1.000000
76835 -1.000000
76836 -1.000000
76837 -1.000000
76838 -1.000000
76840 -1.000000
76841 -1.000000
76843 -1.000000
76845 -1.000000
76846 -1.000000
76847 -1.000000
76849 -1.000000
76853 -1.000000
76854 -1.000000
76855 -1.000000
76856 -1.000000
76857 -1.000000
76858 -1.000000
76859 -1.000000
76864 -1.000000
76865 -1.000000
76866 -1.000000
76867 -1.000000
76868 -1.000000
76869 -1.000000
76870 -1.000000
76871 -1.000000
76873 -1.000000
76874 -1.000000
76875 -1.000000
76876 -1.000000
76877 -1.000000
76878 -1.000000
76879 -1.000000
76880 -1.000000
76881 -1.000000
76882 -1.000000
76884 -1.000000
76885 -1.000000
76886 -1.000000
76887 -1.000000
76888 -1.000000
76889 -1.000000
76891 -1.000000
76892 -1.000000
76893 -1.000000
76894 -1.000000
76895 -1.000000
76896 -1.000000
76897 -1.000000
76898 -1.000000
76899 -1.000000
76900 -1.000000
76901 -1.000000
76902 -1.000000
76903 -1.000000
76904 -1.000000
76905 -1.000000
76906 -1.000000
76907 -1.000000
76909 -1.000000
76910 -1.000000
76913 -1.000000
76914 -1.000000
76915 -1.000000
76916 -1.000000
76917 -1.000000
76918 -1.000000
76922 -1.000000
76923 -1.000000
76924 -1.000000
76925 -1.000000
76926 -1.000000
76927 -1.000000
76928 -1.000000
76929 -1.000000
76930 -1.000000
76931 -1.000000
76932 -1.000000
76933 -1.000000
76934 -1.000000
76935 -1.000000
76938 -1.000000
76939 -1.000000
76940 -1.000000
76941 -1.000000
76945 -1.000000
76947 -1.000000
76948 -1.000000
76949 -1.000000
76970 -1.000000
76971 -1.000000
76972 -1.000000
76974 -1.000000
76975 -1.000000
76978 -1.000000
76979 -1.000000
76980 -1.000000
76981 -1.000000
76982 -1.000000
76983 -1.000000
76984 -1.000000
76986 -1.000000
76987 -1.000000
76988 -1.000000
76989 -1.000000
76990 -1.000000
76994 -1.000000
76995 -1.000000
76997 -1.000000
76998 -1.000000
76999 -1.000000
77000 -1.000000
77001 -1.000000
77002 -1.000000
77003 -1.000000
77005 -1.000000
77006 -1.000000
77007 -1.000000
77008 -1.000000
77009 -1.000000
77010 -1.000000
77011 -1.000000
77012 -1.000000
77013 -1.000000
77014 -1.000000
77015 -1.000000
77016 -1.000000
77017 -1.000000
77018 -1.000000
77019 -1.000000
77020 -1.000000
77021 -1.000000
77025 -1.000000
77027 -1.000000
77029 -1.000000
77030 -1.000000
77032 -1.000000
77033 -1.000000
77034 -1.000000
77035 -1.000000
77037 -1.000000
77038 -1.000000
77040 -1.000000
77042 -1.000000
77043 -1.000000
77044 -1.000000
77045 -1.000000
77046 -1.000000
77047 -1.000000
77048 -1.000000
77049 -1.000000
77050 -1.000000
77052 -1.000000
77053 -1.000000
77054 -1.000000
77055 -1.000000
77056 -1.000000
77059 -1.000000
77061 -1.000000
77062 -1.000000
77063 -1.000000
77064 -1.000000
77065 -1.000000
77066 -1.000000
77067 -1.000000
77068 -1.000000
77069 -1.000000
77070 -1.000000
77071 -1.000000
77073 -1.000000
77074 -1.000000
77075 -1.000000
77076 -1.000000
77077 -1.000000
77080 -1.000000
77082 -1.000000
77083 -1.000000
77084 -1.000000
77085 -1.000000
77086 -1.000000
77089 -1.000000
77090 -1.000000
77091 -1.000000
77092 -1.000000
77093 -1.000000
77094 -1.000000
77095 -1.000000
77096 -1.000000
77097 -1.000000
77099 -1.000000
77100 -1.000000
77101 -1.000000
77102 -1.000000
77103 -1.000000
77104 -1.000000
77105 -1.000000
77106 -1.000000
77107 -1.000000
77108 -1.000000
77109 -1.000000
77110 -1.000000
77117 -1.000000
77118 -1.000000
77119 -1.000000
77121 -1.000000
77122 -1.000000
77123 -1.000000
77124 -1.000000
77125 -1.000000
77126 -1.000000
77127 -1.000000
77128 -1.000000
77129 -1.000000
77130 -1.000000
77132 -1.000000
77133 -1.000000
77134 -1.000000
77136 -1.000000
77137 -1.000000
77138 -1.000000
77139 -1.000000
77140 -1.000000
77141 -1.000000
77142 -1.000000
77143 -1.000000
77144 -1.000000
77145 -1.000000
77146 -1.000000
77147 -1.000000
77148 -1.000000
77149 -1.000000
77150 -1.000000
77151 -1.000000
77152 -1.000000
77153 -1.000000
77154 -1.000000
77155 -1.000000
77156 -1.000000
77157 -1.000000
77158 -1.000000
77159 -1.000000
77160 -1.000000
77161 -1.000000
77162 -1.000000
77164 -1.000000
77165 -1.000000
77166 -1.000000
77167 -1.000000
77168 -1.000000
77169 -1.000000
77170 -1.000000
77171 -1.000000
77172 -1.000000
77173 -1.000000
77174 -1.000000
77175 -1.000000
77178 -1.000000
77179 -1.000000
77180 -1.000000
77181 -1.000000
77182 -1.000000
77184 -1.000000
77185 -1.000000
77186 -1.000000
77187 -1.000000
77188 -1.000000
77189 -1.000000
77191 -1.000000
77196 -1.000000
77197 -1.000000
77198 -1.000000
77199 -1.000000
77200 -1.000000
77201 -1.000000
77202 -1.000000
77203 -1.000000
77204 -1.000000
77205 -1.000000
77206 -1.000000
77207 -1.000000
77208 -1.000000
77209 -1.000000
77210 -1.000000
77211 -1.000000
77212 -1.000000
77213 -1.000000
77214 -1.000000
77215 -1.000000
77216 -1.000000
77217 -1.000000
77218 -1.000000
77219 -1.000000
77220 -1.000000
77224 -1.000000
77226 -1.000000
77227 -1.000000
77228 -1.000000
77229 -1.000000
77230 -1.000000
77231 -1.000000
77232 -1.000000
77234 -1.000000
77236 -1.000000
77237 -1.000000
77238 -1.000000
77239 -1.000000
77241 -1.000000
77242 -1.000000
77243 -1.000000
77244 -1.000000
77245 -1.000000
77246 -1.000000
77247 -1.000000
77248 -1.000000
77249 -1.000000
77250 -1.000000
77252 -1.000000
77253 -1.000000
77254 -1.000000
77255 -1.000000
77256 -1.000000
77257 -1.000000
77258 -1.000000
77259 -1.000000
77260 -1.000000
77261 -1.000000
77262 -1.000000
77263 -1.000000
77264 -1.000000
77265 -1.000000
77266 -1.000000
77267 -1.000000
77268 -1.000000
77269 -1.000000
77270 -1.000000
77271 -1.000000
77272 -1.000000
77275 -1.000000
77276 -1.000000
77277 -1.000000
77278 -1.000000
77279 -1.000000
77280 -1.000000
77281 -1.000000
77282 -1.000000
77283 -1.000000
77284 -1.000000
77286 -1.000000
77287 -1.000000
77288 -1.000000
77289 -1.000000
77290 -1.000000
77291 -1.000000
77292 -1.000000
77293 -1.000000
77294 -1.000000
77295 -1.000000
77296 -1.000000
77297 -1.000000
77298 -1.000000
77299 -1.000000
77300 -1.000000
77301 -1.000000
77302 -1.000000
77303 -1.000000
77304 -1.000000
77305 -1.000000
77306 -1.000000
77307 -1.000000
77308 -1.000000
77309 -1.000000
77310 -1.000000
77311 -1.000000
77313 -1.000000
77314 -1.000000
77315 -1.000000
77316 -1.000000
77317 -1.000000
77318 -1.000000
77319 -1.000000
77320 -1.000000
77321 -1.000000
77322 -1.000000
77326 -1.000000
77329 -1.000000
77330 -1.000000
77331 -1.000000
77332 -1.000000
77333 -1.000000
77334 -1.000000
77335 -1.000000
77336 -1.000000
77337 -1.000000
77338 -1.000000
77339 -1.000000
77340 -1.000000
77342 -1.000000
77344 -1.000000
77345 -1.000000
77346 -1.000000
77347 -1.000000
77348 -1.000000
77349 -1.000000
77351 -1.000000
77353 -1.000000
77361 -1.000000
77362 -1.000000
77363 -1.000000
77364 -1.000000
77368 -1.000000
77369 -1.000000
77370 -1.000000
77371 -1.000000
77374 -1.000000
77375 -1.000000
77376 -1.000000
77381 -1.000000
77382 -1.000000
77383 -1.000000
77384 -1.000000
77385 -1.000000
77386 -1.000000
77387 -1.000000
77388 -1.000000
77389 -1.000000
77390 -1.000000
77391 -1.000000
77392 -1.000000
77393 -1.000000
77395 -1.000000
77396 -1.000000
77397 -1.000000
77398 -1.000000
77399 -1.000000
77400 -1.000000
77401 -1.000000
77402 -1.000000
77403 -1.000000
77404 -1.000000
77405 -1.000000
77408 -1.000000
77409 -1.000000
77410 -1.000000
77411 -1.000000
77412 -1.000000
77413 -1.000000
77414 -1.000000
77415 -1.000000
77416 -1.000000
77417 -1.000000
77419 -1.000000
77420 -1.000000
77421 -1.000000
77422 -1.000000
77423 -1.000000
77424 -1.000000
77425 -1.000000
77426 -1.000000
77427 -1.000000
77428 -1.000000
77429 -1.000000
77431 -1.000000
77432 -1.000000
77433 -1.000000
77434 -1.000000
77435 -1.000000
77436 -1.000000
77437 -1.000000
77438 -1.000000
77439 -1.000000
77442 -1.000000
77443 -1.000000
77444 -1.000000
77445 -1.000000
77446 -1.000000
77447 -1.000000
77448 -1.000000
77449 -1.000000
77450 -1.000000
77451 -1.000000
77453 -1.000000
77454 -1.000000
77458 -1.000000
77460 -1.000000
77461 -1.000000
77462 -1.000000
77463 -1.000000
77464 -1.000000
77467 -1.000000
77468 -1.000000
77469 -1.000000
77471 -1.000000
77472 -1.000000
77473 -1.000000
77474 -1.000000
77475 -1.000000
77476 -1.000000
77477 -1.000000
77478 -1.000000
77479 -1.000000
77480 -1.000000
77483 -1.000000
77485 -1.000000
77487 -1.000000
77488 -1.000000
77489 -1.000000
77490 -1.000000
77492 -1.000000
77495 -1.000000
77496 -1.000000
77497 -1.000000
77498 -1.000000
77499 -1.000000
77500 -1.000000
77502 -1.000000
77503 -1.000000
77506 -1.000000
77507 -1.000000
77509 -1.000000
77510 -1.000000
77511 -1.000000
77540 -1.000000
77541 -1.000000
77542 -1.000000
77543 -1.000000
77544 -1.000000
77545 -1.000000
77546 -1.000000
77547 -1.000000
77548 -1.000000
77549 -1.000000
77550 -1.000000
77551 -1.000000
77552 -1.000000
77553 -1.000000
77554 -1.000000
77555 -1.000000
77556 -1.000000
77557 -1.000000
77558 -1.000000
77559 -1.000000
77560 -1.000000
77561 -1.000000
77562 -1.000000
77563 -1.000000
77564 -1.000000
77565 -1.000000
77566 -1.000000
77567 -1.000000
77568 -1.000000
77569 -1.000000
77570 -1.000000
77571 -1.000000
77572 -1.000000
77573 -1.000000
77574 -1.000000
77576 -1.000000
77577 -1.000000
77578 -1.000000
77579 -1.000000
77580 -1.000000
77581 -1.000000
77582 -1.000000
77584 -1.000000
77585 -1.000000
77586 -1.000000
77587 -1.000000
77588 -1.000000
77589 -1.000000
77590 -1.000000
77591 -1.000000
77592 -1.000000
77593 -1.000000
77594 -1.000000
77595 -1.000000
77596 -1.000000
77597 -1.000000
77598 -1.000000
77599 -1.000000
77600 -1.000000
77601 -1.000000
77602 -1.000000
77603 -1.000000
77605 -1.000000
77606 -1.000000
77607 -1.000000
77608 -1.000000
77609 -1.000000
77610 -1.000000
77611 -1.000000
77612 -1.000000
77615 -1.000000
77616 -1.000000
77618 -1.000000
77619 -1.000000
77620 -1.000000
77621 -1.000000
77622 -1.000000
77623 -1.000000
77624 -1.000000
77625 -1.000000
77626 -1.000000
77627 -1.000000
77628 -1.000000
77629 -1.000000
77631 -1.000000
77632 -1.000000
77633 -1.000000
77634 -1.000000
77635 -1.000000
77637 -1.000000
77639 -1.000000
77640 -1.000000
77641 -1.000000
77642 -1.000000
77645 -1.000000
77646 -1.000000
77647 -1.000000
77648 -1.000000
77649 -1.000000
77650 -1.000000
77653 -1.000000
77655 -1.000000
77657 -1.000000
77670 -1.000000
77671 -1.000000
77672 -1.000000
77673 -1.000000
77674 -1.000000
77677 -1.000000
77678 -1.000000
77680 -1.000000
77681 -1.000000
77682 -1.000000
77685 -1.000000
77686 -1.000000
77687 -1.000000
77688 -1.000000
77689 -1.000000
77691 -1.000000
77692 -1.000000
77693 -1.000000
77694 -1.000000
77695 -1.000000
77697 -1.000000
77698 -1.000000
77699 -1.000000
77700 -1.000000
77701 -1.000000
77702 -1.000000
77703 -1.000000
77704 -1.000000
77705 -1.000000
77706 -1.000000
77707 -1.000000
77708 -1.000000
77709 -1.000000
77710 -1.000000
77712 -1.000000
77713 -1.000000
77714 -1.000000
77715 -1.000000
77717 -1.000000
77718 -1.000000
77719 -1.000000
77720 -1.000000
77721 -1.000000
77722 -1.000000
77723 -1.000000
77725 -1.000000
77726 -1.000000
77728 -1.000000
77729 -1.000000
77730 -1.000000
77731 -1.000000
77732 -1.000000
77733 -1.000000
77734 -1.000000
77735 -1.000000
77736 -1.000000
77737 -1.000000
77738 -1.000000
77739 -1.000000
77740 -1.000000
77741 -1.000000
77742 -1.000000
77743 -1.000000
77745 -1.000000
77746 -1.000000
77747 -1.000000
77748 -1.000000
77749 -1.000000
77750 -1.000000
77751 -1.000000
77752 -1.000000
77757 -1.000000
77758 -1.000000
77759 -1.000000
77760 -1.000000
77761 -1.000000
77762 -1.000000
77763 -1.000000
77764 -1.000000
77766 -1.000000
77767 -1.000000
77768 -1.000000
77769 -1.000000
77770 -1.000000
77771 -1.000000
77772 -1.000000
77773 -1.000000
77774 -1.000000
77775 -1.000000
77776 -1.000000
77777 -1.000000
77778 -1.000000
77779 -1.000000
77780 -1.000000
77781 -1.000000
77783 -1.000000
77784 -1.000000
77785 -1.000000
77786 -1.000000
77787 -1.000000
77788 -1.000000
77789 -1.000000
77790 -1.000000
77791 -1.000000
77792 -1.000000
77793 -1.000000
77794 -1.000000
77795 -1.000000
77796 -1.000000
77798 -1.000000
77799 -1.000000
77802 -1.000000
77819 -1.000000
77822 -1.000000
77823 -1.000000
77833 -1.000000
77834 -1.000000
77836 -1.000000
77837 -1.000000
77838 -1.000000
77839 -1.000000
77840 -1.000000
77843 -1.000000
77844 -1.000000
77846 -1.000000
77847 -1.000000
77848 -1.000000
77849 -1.000000
77851 -1.000000
77852 -1.000000
77853 -1.000000
77854 -1.000000
77855 -1.000000
77856 -1.000000
77857 -1.000000
77858 -1.000000
77859 -1.000000
77860 -1.000000
77862 -1.000000
77863 -1.000000
77864 -1.000000
77865 -1.000000
77866 -1.000000
77867 -1.000000
77868 -1.000000
77869 -1.000000
77870 -1.000000
77871 -1.000000
77873 -1.000000
77874 -1.000000
77875 -1.000000
77876 -1.000000
77877 -1.000000
77878 -1.000000
77879 -1.000000
77880 -1.000000
77881 -1.000000
77883 -1.000000
77884 -1.000000
77885 -1.000000
77886 -1.000000
77887 -1.000000
77888 -1.000000
77889 -1.000000
77892 -1.000000
77893 -1.000000
77894 -1.000000
77895 -1.000000
77898 -1.000000
77899 -1.000000
77900 -1.000000
77901 -1.000000
77902 -1.000000
77904 -1.000000
77905 -1.000000
77906 -1.000000
77907 -1.000000
77908 -1.000000
77909 -1.000000
77910 -1.000000
77911 -1.000000
77912 -1.000000
77913 -1.000000
77914 -1.000000
77915 -1.000000
77916 -1.000000
77918 -1.000000
77919 -1.000000
77920 -1.000000
77921 -1.000000
77922 -1.000000
77923 -1.000000
77924 -1.000000
77925 -1.000000
77926 -1.000000
77927 -1.000000
77929 -1.000000
77931 -1.000000
77932 -1.000000
77933 -1.000000
77936 -1.000000
77937 -1.000000
77938 -1.000000
77939 -1.000000
77940 -1.000000
77942 -1.000000
77943 -1.000000
77945 -1.000000
77946 -1.000000
77947 -1.000000
77948 -1.000000
77949 -1.000000
77950 -1.000000
77953 -1.000000
77954 -1.000000
77955 -1.000000
77958 -1.000000
77959 -1.000000
77960 -1.000000
77961 -1.000000
77962 -1.000000
77963 -1.000000
77964 -1.000000
77965 -1.000000
77966 -1.000000
77982 -1.000000
77987 -1.000000
77989 -1.000000
77990 -1.000000
77991 -1.000000
77992 -1.000000
77993 -1.000000
77994 -1.000000
77995 -1.000000
77997 -1.000000
77998 -1.000000
77999 -1.000000
78000 -1.000000
78001 -1.000000
78002 -1.000000
78003 -1.000000
78004 -1.000000
78005 -1.000000
78006 -1.000000
78008 -1.000000
78009 -1.000000
78010 -1.000000
78011 -1.000000
78014 -1.000000
78018 -1.000000
78019 -1.000000
78020 -1.000000
78021 -1.000000
78022 -1.000000
78023 -1.000000
78024 -1.000000
78025 -1.000000
78031 -1.000000
78032 -1.000000
78033 -1.000000
78034 -1.000000
78035 -1.000000
78037 -1.000000
78038 -1.000000
78040 -1.000000
78041 -1.000000
78042 -1.000000
78043 -1.000000
78044 -1.000000
78045 -1.000000
78046 -1.000000
78047 -1.000000
78050 -1.000000
78051 -1.000000
78052 -1.000000
78053 -1.000000
78055 -1.000000
78056 -1.000000
78058 -1.000000
78060 -1.000000
78061 -1.000000
78062 -1.000000
78063 -1.000000
78064 -1.000000
78065 -1.000000
78066 -1.000000
78067 -1.000000
78068 -1.000000
78069 -1.000000
78070 -1.000000
78071 -1.000000
78072 -1.000000
78073 -1.000000
78074 -1.000000
78075 -1.000000
78076 -1.000000
78077 -1.000000
78078 -1.000000
78080 -1.000000
78083 -1.000000
78084 -1.000000
78085 -1.000000
78088 -1.000000
78089 -1.000000
78090 -1.000000
78091 -1.000000
78092 -1.000000
78095 -1.000000
78097 -1.000000
78098 -1.000000
78103 -1.000000
78104 -1.000000
78105 -1.000000
78106 -1.000000
78107 -1.000000
78108 -1.000000
78109 -1.000000
78111 -1.000000
78114 -1.000000
78116 -1.000000
78117 -1.000000
78118 -1.000000
78119 -1.000000
78120 -1.000000
78122 -1.000000
78123 -1.000000
78124 -1.000000
78125 -1.000000
78126 -1.000000
78127 -1.000000
78130 -1.000000
78131 -1.000000
78132 -1.000000
78133 -1.000000
78134 -1.000000
78135 -1.000000
78136 -1.000000
78137 -1.000000
78139 -1.000000
78140 -1.000000
78141 -1.000000
78142 -1.000000
78143 -1.000000
78144 -1.000000
78145 -1.000000
78146 -1.000000
78147 -1.000000
78148 -1.000000
78149 -1.000000
78150 -1.000000
78151 -1.000000
78152 -1.000000
78153 -1.000000
78155 -1.000000
78156 -1.000000
78296 -1.000000
78297 -1.000000
78298 -1.000000
78299 -1.000000
78306 -1.000000
78307 -1.000000
78316 -1.000000
78320 -1.000000
78321 -1.000000
78322 -1.000000
78323 -1.000000
78324 -1.000000
78325 -1.000000
78326 -1.000000
78327 -1.000000
78328 -1.000000
78329 -1.000000
78330 -1.000000
78331 -1.000000
78332 -1.000000
78345 -1.000000
78346 -1.000000
78347 -1.000000
78348 -1.000000
78349 -1.000000
78350 -1.000000
78351 -1.000000
78352 -1.000000
78353 -1.000000
78357 -1.000000
78358 -1.000000
78367 -1.000000
78368 -1.000000
78369 -1.000000
78370 -1.000000
78371 -1.000000
78374 -1.000000
78376 -1.000000
78377 -1.000000
78379 -1.000000
78380 -1.000000
78381 -1.000000
78382 -1.000000
78383 -1.000000
78384 -1.000000
78385 -1.000000
78386 -1.000000
78387 -1.000000
78389 -1.000000
78390 -1.000000
78391 -1.000000
78394 -1.000000
78395 -1.000000
78396 -1.000000
78397 -1.000000
78399 -1.000000
78400 -1.000000
78403 -1.000000
78410 -1.000000
78411 -1.000000
78414 -1.000000
78415 -1.000000
78416 -1.000000
78417 -1.000000
78418 -1.000000
78419 -1.000000
78420 -1.000000
78421 -1.000000
78424 -1.000000
78425 -1.000000
78426 -1.000000
78427 -1.000000
78434 -1.000000
78437 -1.000000
78439 -1.000000
78440 -1.000000
78441 -1.000000
78442 -1.000000
78443 -1.000000
78445 -1.000000
78446 -1.000000
78448 -1.000000
78449 -1.000000
78450 -1.000000
78451 -1.000000
78452 -1.000000
78454 -1.000000
78455 -1.000000
78456 -1.000000
78457 -1.000000
78458 -1.000000
78459 -1.000000
78480 -1.000000
78486 -1.000000
78488 -1.000000
78492 -1.000000
78510 -1.000000
78511 -1.000000
78512 -1.000000
78513 -1.000000
78517 -1.000000
78518 -1.000000
78519 -1.000000
78520 -1.000000
78521 -1.000000
78522 -1.000000
78523 -1.000000
78524 -1.000000
78525 -1.000000
78527 -1.000000
78528 -1.000000
78530 -1.000000
78531 -1.000000
78532 -1.000000
78533 -1.000000
78534 -1.000000
78535 -1.000000
78536 -1.000000
78539 -1.000000
78540 -1.000000
78542 -1.000000
78543 -1.000000
78544 -1.000000
78545 -1.000000
78546 -1.000000
78547 -1.000000
78549 -1.000000
78550 -1.000000
78551 -1.000000
78552 -1.000000
78554 -1.000000
78555 -1.000000
78556 -1.000000
78557 -1.000000
78558 -1.000000
78559 -1.000000
78560 -1.000000
78561 -1.000000
78562 -1.000000
78563 -1.000000
78570 -1.000000
78590 -1.000000
78591 -1.000000
78593 -1.000000
78594 -1.000000
78595 -1.000000
78596 -1.000000
78597 -1.000000
78599 -1.000000
78600 -1.000000
78601 -1.000000
78602 -1.000000
78603 -1.000000
78605 -1.000000
78606 -1.000000
78607 -1.000000
78608 -1.000000
78611 -1.000000
78612 -1.000000
78613 -1.000000
78617 -1.000000
78618 -1.000000
78619 -1.000000
78620 -1.000000
78621 -1.000000
78625 -1.000000
78626 -1.000000
78627 -1.000000
78628 -1.000000
78629 -1.000000
78630 -1.000000
78631 -1.000000
78632 -1.000000
78633 -1.000000
78635 -1.000000
78636 -1.000000
78637 -1.000000
78638 -1.000000
78639 -1.000000
78640 -1.000000
78641 -1.000000
78642 -1.000000
78643 -1.000000
78644 -1.000000
78645 -1.000000
78646 -1.000000
78647 -1.000000
78648 -1.000000
78649 -1.000000
78650 -1.000000
78651 -1.000000
78652 -1.000000
78653 -1.000000
78654 -1.000000
78655 -1.000000
78656 -1.000000
78658 -1.000000
78659 -1.000000
78660 -1.000000
78662 -1.000000
78664 -1.000000
78665 -1.000000
78666 -1.000000
78667 -1.000000
78668 -1.000000
78669 -1.000000
78670 -1.000000
78671 -1.000000
78672 -1.000000
78673 -1.000000
78677 -1.000000
78678 -1.000000
78679 -1.000000
78680 -1.000000
78681 -1.000000
78682 -1.000000
78683 -1.000000
78684 -1.000000
78685 -1.000000
78686 -1.000000
78687 -1.000000
78688 -1.000000
78691 -1.000000
78692 -1.000000
78693 -1.000000
78694 -1.000000
78696 -1.000000
78697 -1.000000
78698 -1.000000
78699 -1.000000
78700 -1.000000
78703 -1.000000
78709 -1.000000
78710 -1.000000
78712 -1.000000
78713 -1.000000
78716 -1.000000
78717 -1.000000
78718 -1.000000
78720 -1.000000
78721 -1.000000
78724 -1.000000
78725 -1.000000
78726 -1.000000
78727 -1.000000
78728 -1.000000
78729 -1.000000
78730 -1.000000
78731 -1.000000
78732 -1.000000
78733 -1.000000
78735 -1.000000
78736 -1.000000
78737 -1.000000
78738 -1.000000
78740 -1.000000
78741 -1.000000
78757 -1.000000
78765 -1.000000
78766 -1.000000
78767 -1.000000
78768 -1.000000
78769 -1.000000
78770 -1.000000
78771 -1.000000
78772 -1.000000
78773 -1.000000
78776 -1.000000
78778 -1.000000
78780 -1.000000
78781 -1.000000
78785 -1.000000
78786 -1.000000
78787 -1.000000
78794 -1.000000
78797 -1.000000
78798 -1.000000
78799 -1.000000
78800 -1.000000
78801 -1.000000
78802 -1.000000
78804 -1.000000
78805 -1.000000
78806 -1.000000
78807 -1.000000
78810 -1.000000
78811 -1.000000
78812 -1.000000
78814 -1.000000
78815 -1.000000
78816 -1.000000
78817 -1.000000
78819 -1.000000
78820 -1.000000
78824 -1.000000
78825 -1.000000
78826 -1.000000
78827 -1.000000
78828 -1.000000
78829 -1.000000
78830 -1.000000
78831 -1.000000
78834 -1.000000
78835 -1.000000
78836 -1.000000
78837 -1.000000
78838 -1.000000
78839 -1.000000
78840 -1.000000
78841 -1.000000
78842 -1.000000
78843 -1.000000
78844 -1.000000
78845 -1.000000
78846 -1.000000
78847 -1.000000
78848 -1.000000
78862 -1.000000
78868 -1.000000
78869 -1.000000
78997 -1.000000
78998 -1.000000
78999 -1.000000
79000 -1.000000
79001 -1.000000
79002 -1.000000
79003 -1.000000
79004 -1.000000
79005 -1.000000
79006 -1.000000
79012 -1.000000
79013 -1.000000
79014 -1.000000
79015 -1.000000
79016 -1.000000
79017 -1.000000
79018 -1.000000
79020 -1.000000
79022 -1.000000
79024 -1.000000
79028 -1.000000
79030 -1.000000
79031 -1.000000
79033 -1.000000
79037 -1.000000
79040 -1.000000
79042 -1.000000
79045 -1.000000
79047 -1.000000
79048 -1.000000
79049 -1.000000
79050 -1.000000
79052 -1.000000
79053 -1.000000
79054 -1.000000
79055 -1.000000
79056 -1.000000
79057 -1.000000
79064 -1.000000
79065 -1.000000
79066 -1.000000
79067 -1.000000
79068 -1.000000
79069 -1.000000
79070 -1.000000
79071 -1.000000
79072 -1.000000
79075 -1.000000
79078 -1.000000
79082 -1.000000
79086 -1.000000
79087 -1.000000
79088 -1.000000
79089 -1.000000
79090 -1.000000
79091 -1.000000
79093 -1.000000
79094 -1.000000
79095 -1.000000
79096 -1.000000
79100 -1.000000
79101 -1.000000
79104 -1.000000
79108 -1.000000
79109 -1.000000
79110 -1.000000
79111 -1.000000
79112 -1.000000
79113 -1.000000
79114 -1.000000
79115 -1.000000
79116 -1.000000
79117 -1.000000
79119 -1.000000
79120 -1.000000
79126 -1.000000
79128 -1.000000
79129 -1.000000
79132 -1.000000
79133 -1.000000
79134 -1.000000
79136 -1.000000
79137 -1.000000
79138 -1.000000
79140 -1.000000
79141 -1.000000
79142 -1.000000
79143 -1.000000
79144 -1.000000
79145 -1.000000
79146 -1.000000
79148 -1.000000
79149 -1.000000
79150 -1.000000
79152 -1.000000
79153 -1.000000
79154 -1.000000
79155 -1.000000
79159 -1.000000
79162 -1.000000
79164 -1.000000
79165 -1.000000
79167 -1.000000
79168 -1.000000
79169 -1.000000
79170 -1.000000
79171 -1.000000
79172 -1.000000
79173 -1.000000
79174 -1.000000
79176 -1.000000
79178 -1.000000
79179 -1.000000
79181 -1.000000
79183 -1.000000
79188 -1.000000
79191 -1.000000
79192 -1.000000
79193 -1.000000
79194 -1.000000
79195 -1.000000
79196 -1.000000
79197 -1.000000
79198 -1.000000
79199 -1.000000
79201 -1.000000
79202 -1.000000
79203 -1.000000
79204 -1.000000
79209 -1.000000
79210 -1.000000
79211 -1.000000
79213 -1.000000
79214 -1.000000
79215 -1.000000
79216 -1.000000
79235 -1.000000
79236 -1.000000
79237 -1.000000
79238 -1.000000
79239 -1.000000
79240 -1.000000
79241 -1.000000
79242 -1.000000
79243 -1.000000
79247 -1.000000
79248 -1.000000
79250 -1.000000
79251 -1.000000
79252 -1.000000
79253 -1.000000
79254 -1.000000
79255 -1.000000
79256 -1.000000
79258 -1.000000
79279 -1.000000
79281 -1.000000
79282 -1.000000
79283 -1.000000
79285 -1.000000
79286 -1.000000
79287 -1.000000
79288 -1.000000
79289 -1.000000
79291 -1.000000
79292 -1.000000
79293 -1.000000
79295 -1.000000
79296 -1.000000
79297 -1.000000
79298 -1.000000
79300 -1.000000
79301 -1.000000
79302 -1.000000
79303 -1.000000
79304 -1.000000
79305 -1.000000
79306 -1.000000
79308 -1.000000
79311 -1.000000
79318 -1.000000
79319 -1.000000
79329 -1.000000
79330 -1.000000
79331 -1.000000
79332 -1.000000
79333 -1.000000
79334 -1.000000
79335 -1.000000
79336 -1.000000
79337 -1.000000
79338 -1.000000
79340 -1.000000
79341 -1.000000
79342 -1.000000
79343 -1.000000
79344 -1.000000
79345 -1.000000
79346 -1.000000
79347 -1.000000
79348 -1.000000
79349 -1.000000
79350 -1.000000
79352 -1.000000
79353 -1.000000
79354 -1.000000
79355 -1.000000
79356 -1.000000
79357 -1.000000
79358 -1.000000
79359 -1.000000
79360 -1.000000
79361 -1.000000
79362 -1.000000
79363 -1.000000
79364 -1.000000
79365 -1.000000
79367 -1.000000
79368 -1.000000
79369 -1.000000
79371 -1.000000
79372 -1.000000
79373 -1.000000
79374 -1.000000
79375 -1.000000
79377 -1.000000
79384 -1.000000
79385 -1.000000
79388 -1.000000
79389 -1.000000
79390 -1.000000
79391 -1.000000
79392 -1.000000
79393 -1.000000
79394 -1.000000
79395 -1.000000
79397 -1.000000
79398 -1.000000
79399 -1.000000
79402 -1.000000
79405 -1.000000
79406 -1.000000
79407 -1.000000
79409 -1.000000
79412 -1.000000
79413 -1.000000
79428 -1.000000
79433 -1.000000
79434 -1.000000
79437 -1.000000
79438 -1.000000
79440 -1.000000
79441 -1.000000
79443 -1.000000
79444 -1.000000
79445 -1.000000
79446 -1.000000
79447 -1.000000
79448 -1.000000
79449 -1.000000
79451 -1.000000
79452 -1.000000
79453 -1.000000
79455 -1.000000
79456 -1.000000
79457 -1.000000
79458 -1.000000
79459 -1.000000
79460 -1.000000
79461 -1.000000
79462 -1.000000
79463 -1.000000
79464 -1.000000
79465 -1.000000
79466 -1.000000
79467 -1.000000
79468 -1.000000
79470 -1.000000
79471 -1.000000
79472 -1.000000
79473 -1.000000
79474 -1.000000
79479 -1.000000
79480 -1.000000
79481 -1.000000
79482 -1.000000
79484 -1.000000
79485 -1.000000
79486 -1.000000
79487 -1.000000
79488 -1.000000
79489 -1.000000
79490 -1.000000
79491 -1.000000
79492 -1.000000
79493 -1.000000
79494 -1.000000
79498 -1.000000
79499 -1.000000
79501 -1.000000
79503 -1.000000
79505 -1.000000
79506 -1.000000
79508 -1.000000
79509 -1.000000
79510 -1.000000
79512 -1.000000
79513 -1.000000
79514 -1.000000
79515 -1.000000
79516 -1.000000
79517 -1.000000
79518 -1.000000
79521 -1.000000
79523 -1.000000
79526 -1.000000
79527 -1.000000
79528 -1.000000
79529 -1.000000
79531 -1.000000
79543 -1.000000
79557 -1.000000
79558 -1.000000
79560 -1.000000
79564 -1.000000
79565 -1.000000
79566 -1.000000
79567 -1.000000
79568 -1.000000
79569 -1.000000
79570 -1.000000
79571 -1.000000
79572 -1.000000
79573 -1.000000
79575 -1.000000
79578 -1.000000
79579 -1.000000
79581 -1.000000
79582 -1.000000
79584 -1.000000
79585 -1.000000
79587 -1.000000
79588 -1.000000
79589 -1.000000
79590 -1.000000
79592 -1.000000
79594 -1.000000
79595 -1.000000
79598 -1.000000
79604 -1.000000
79609 -1.000000
79611 -1.000000
79612 -1.000000
79613 -1.000000
79614 -1.000000
79615 -1.000000
79619 -1.000000
79620 -1.000000
79622 -1.000000
79623 -1.000000
79624 -1.000000
79625 -1.000000
79626 -1.000000
79628 -1.000000
79629 -1.000000
79630 -1.000000
79631 -1.000000
79633 -1.000000
79634 -1.000000
79635 -1.000000
79636 -1.000000
79637 -1.000000
79638 -1.000000
79639 -1.000000
79640 -1.000000
79641 -1.000000
79642 -1.000000
79643 -1.000000
79644 -1.000000
79645 -1.000000
79646 -1.000000
79647 -1.000000
79648 -1.000000
79649 -1.000000
79650 -1.000000
79651 -1.000000
79652 -1.000000
79653 -1.000000
79654 -1.000000
79655 -1.000000
79656 -1.000000
79657 -1.000000
79658 -1.000000
79661 -1.000000
79664 -1.000000
79665 -1.000000
79666 -1.000000
79667 -1.000000
79668 -1.000000
79669 -1.000000
79672 -1.000000
79673 -1.000000
79674 -1.000000
79675 -1.000000
79676 -1.000000
79679 -1.000000
79682 -1.000000
79684 -1.000000
79685 -1.000000
79687 -1.000000
79688 -1.000000
79690 -1.000000
79691 -1.000000
79692 -1.000000
79693 -1.000000
79694 -1.000000
79696 -1.000000
79697 -1.000000
79698 -1.000000
79699 -1.000000
79700 -1.000000
79709 -1.000000
79714 -1.000000
79715 -1.000000
79718 -1.000000
79719 -1.000000
79720 -1.000000
79721 -1.000000
79722 -1.000000
79723 -1.000000
79725 -1.000000
79726 -1.000000
79727 -1.000000
79728 -1.000000
79729 -1.000000
79730 -1.000000
79731 -1.000000
79732 -1.000000
79733 -1.000000
79734 -1.000000
79735 -1.000000
79736 -1.000000
79738 -1.000000
79739 -1.000000
79740 -1.000000
79742 -1.000000
79743 -1.000000
79744 -1.000000
79745 -1.000000
79747 -1.000000
79755 -1.000000
79756 -1.000000
79757 -1.000000
79758 -1.000000
79759 -1.000000
79764 -1.000000
79768 -1.000000
79773 -1.000000
79774 -1.000000
79775 -1.000000
79777 -1.000000
79784 -1.000000
79785 -1.000000
79787 -1.000000
79790 -1.000000
79791 -1.000000
79792 -1.000000
79798 -1.000000
79799 -1.000000
79800 -1.000000
79801 -1.000000
79802 -1.000000
79805 -1.000000
79806 -1.000000
79809 -1.000000
79810 -1.000000
79811 -1.000000
79813 -1.000000
79814 -1.000000
79815 -1.000000
79818 -1.000000
79819 -1.000000
79822 -1.000000
79823 -1.000000
79824 -1.000000
79825 -1.000000
79826 -1.000000
79827 -1.000000
79828 -1.000000
79832 -1.000000
79833 -1.000000
79834 -1.000000
79835 -1.000000
79837 -1.000000
79838 -1.000000
79839 -1.000000
79840 -1.000000
79841 -1.000000
79842 -1.000000
79843 -1.000000
79844 -1.000000
79845 -1.000000
79846 -1.000000
79847 -1.000000
79848 -1.000000
79849 -1.000000
79850 -1.000000
79851 -1.000000
79853 -1.000000
81852 -1.000000
81853 -1.000000
81854 -1.000000
81855 -1.000000
81856 -1.000000
81858 -1.000000
81859 -1.000000
81860 -1.000000
81861 -1.000000
81862 -1.000000
81863 -1.000000
81864 -1.000000
81865 -1.000000
81866 -1.000000
81869 -1.000000
81871 -1.000000
81872 -1.000000
81873 -1.000000
81875 -1.000000
81878 -1.000000
81879 -1.000000
81880 -1.000000
81881 -1.000000
81882 -1.000000
81883 -1.000000
81884 -1.000000
81886 -1.000000
81889 -1.000000
81890 -1.000000
81892 -1.000000
81893 -1.000000
81894 -1.000000
81895 -1.000000
81896 -1.000000
81897 -1.000000
81898 -1.000000
81899 -1.000000
81903 -1.000000
81904 -1.000000
81905 -1.000000
81906 -1.000000
81908 -1.000000
81911 -1.000000
81913 -1.000000
81915 -1.000000
81917 -1.000000
81920 -1.000000
81931 -1.000000
81935 -1.000000
81936 -1.000000
81938 -1.000000
81939 -1.000000
81940 -1.000000
81941 -1.000000
81942 -1.000000
81943 -1.000000
81944 -1.000000
81945 -1.000000
81946 -1.000000
81947 -1.000000
81948 -1.000000
81950 -1.000000
81951 -1.000000
81952 -1.000000
81954 -1.000000
81955 -1.000000
81956 -1.000000
81957 -1.000000
81958 -1.000000
81959 -1.000000
81960 -1.000000
81961 -1.000000
81962 -1.000000
81963 -1.000000
81964 -1.000000
81965 -1.000000
81966 -1.000000
81968 -1.000000
81969 -1.000000
81970 -1.000000
81971 -1.000000
81972 -1.000000
81973 -1.000000
81976 -1.000000
81977 -1.000000
81979 -1.000000
81980 -1.000000
81981 -1.000000
81982 -1.000000
81984 -1.000000
81986 -1.000000
81987 -1.000000
81988 -1.000000
81989 -1.000000
81991 -1.000000
81993 -1.000000
81994 -1.000000
81995 -1.000000
81996 -1.000000
81997 -1.000000
81998 -1.000000
81999 -1.000000
82000 -1.000000
82003 -1.000000
82006 -1.000000
82009 -1.000000
82010 -1.000000
82011 -1.000000
82014 -1.000000
82019 -1.000000
82020 -1.000000
82021 -1.000000
82022 -1.000000
82026 -1.000000
82028 -1.000000
82030 -1.000000
82031 -1.000000
82033 -1.000000
82035 -1.000000
82036 -1.000000
82038 -1.000000
82040 -1.000000
82041 -1.000000
82042 -1.000000
82043 -1.000000
82044 -1.000000
82045 -1.000000
82046 -1.000000
82047 -1.000000
82048 -1.000000
82049 -1.000000
82050 -1.000000
82051 -1.000000
82052 -1.000000
82053 -1.000000
82056 -1.000000
82057 -1.000000
82059 -1.000000
82060 -1.000000
82061 -1.000000
82062 -1.000000
82063 -1.000000
82064 -1.000000
82066 -1.000000
82067 -1.000000
82068 -1.000000
82069 -1.000000
82070 -1.000000
82073 -1.000000
82074 -1.000000
82077 -1.000000
82078 -1.000000
82079 -1.000000
82080 -1.000000
82081 -1.000000
82083 -1.000000
82085 -1.000000
82087 -1.000000
82088 -1.000000
82089 -1.000000
82090 -1.000000
82091 -1.000000
82092 -1.000000
82093 -1.000000
82094 -1.000000
82095 -1.000000
82096 -1.000000
82098 -1.000000
82103 -1.000000
82105 -1.000000
82106 -1.000000
82107 -1.000000
82108 -1.000000
82109 -1.000000
82111 -1.000000
82112 -1.000000
82113 -1.000000
82114 -1.000000
82115 -1.000000
82116 -1.000000
82117 -1.000000
82118 -1.000000
82120 -1.000000
82123 -1.000000
82125 -1.000000
82127 -1.000000
82130 -1.000000
82131 -1.000000
82132 -1.000000
82133 -1.000000
82134 -1.000000
82135 -1.000000
82137 -1.000000
82138 -1.000000
82142 -1.000000
82143 -1.000000
82144 -1.000000
82146 -1.000000
82148 -1.000000
82150 -1.000000
82151 -1.000000
82152 -1.000000
82153 -1.000000
82179 -1.000000
82181 -1.000000
82182 -1.000000
82184 -1.000000
82190 -1.000000
82191 -1.000000
82194 -1.000000
82195 -1.000000
82197 -1.000000
82198 -1.000000
82200 -1.000000
82201 -1.000000
82202 -1.000000
82203 -1.000000
82205 -1.000000
82208 -1.000000
82209 -1.000000
82216 -1.000000
82217 -1.000000
82220 -1.000000
82221 -1.000000
82222 -1.000000
82223 -1.000000
82225 -1.000000
82226 -1.000000
82227 -1.000000
82230 -1.000000
82231 -1.000000
82232 -1.000000
82233 -1.000000
82234 -1.000000
82235 -1.000000
82236 -1.000000
82237 -1.000000
82238 -1.000000
82239 -1.000000
82240 -1.000000
82241 -1.000000
82242 -1.000000
82245 -1.000000
82293 -1.000000
82294 -1.000000
82295 -1.000000
82297 -1.000000
82300 -1.000000
82301 -1.000000
82302 -1.000000
82305 -1.000000
82306 -1.000000
82308 -1.000000
82310 -1.000000
82315 -1.000000
82321 -1.000000
82323 -1.000000
82324 -1.000000
82325 -1.000000
82326 -1.000000
82327 -1.000000
82328 -1.000000
82329 -1.000000
82330 -1.000000
82332 -1.000000
82341 -1.000000
82343 -1.000000
82346 -1.000000
82347 -1.000000
82349 -1.000000
82350 -1.000000
82351 -1.000000
82352 -1.000000
82353 -1.000000
82354 -1.000000
82355 -1.000000
82356 -1.000000
82357 -1.000000
82358 -1.000000
82359 -1.000000
82361 -1.000000
82363 -1.000000
82364 -1.000000
82366 -1.000000
82370 -1.000000
82371 -1.000000
82373 -1.000000
82375 -1.000000
82377 -1.000000
82378 -1.000000
82379 -1.000000
82383 -1.000000
82384 -1.000000
82385 -1.000000
82387 -1.000000
82394 -1.000000
82395 -1.000000
82396 -1.000000
82399 -1.000000
82400 -1.000000
82401 -1.000000
82402 -1.000000
82403 -1.000000
82404 -1.000000
82405 -1.000000
82406 -1.000000
82407 -1.000000
82408 -1.000000
82410 -1.000000
82411 -1.000000
82412 -1.000000
82413 -1.000000
82414 -1.000000
82416 -1.000000
82429 -1.000000
82430 -1.000000
82431 -1.000000
82432 -1.000000
82435 -1.000000
82436 -1.000000
82437 -1.000000
82438 -1.000000
82439 -1.000000
82440 -1.000000
82441 -1.000000
82442 -1.000000
82443 -1.000000
82444 -1.000000
82445 -1.000000
82446 -1.000000
82459 -1.000000
82462 -1.000000
82463 -1.000000
82467 -1.000000
82468 -1.000000
82469 -1.000000
82471 -1.000000
82472 -1.000000
82474 -1.000000
82481 -1.000000
82482 -1.000000
82484 -1.000000
82486 -1.000000
82488 -1.000000
82490 -1.000000
82491 -1.000000
82492 -1.000000
82494 -1.000000
82503 -1.000000
82505 -1.000000
82506 -1.000000
82507 -1.000000
82508 -1.000000
82509 -1.000000
82510 -1.000000
82511 -1.000000
82512 -1.000000
82513 -1.000000
82514 -1.000000
82515 -1.000000
82516 -1.000000
82517 -1.000000
82518 -1.000000
82519 -1.000000
82520 -1.000000
82521 -1.000000
82522 -1.000000
82523 -1.000000
82524 -1.000000
82525 -1.000000
82526 -1.000000
82527 -1.000000
82528 -1.000000
82532 -1.000000
82533 -1.000000
82535 -1.000000
82536 -1.000000
82537 -1.000000
82539 -1.000000
82540 -1.000000
82541 -1.000000
82544 -1.000000
82545 -1.000000
82546 -1.000000
82550 -1.000000
82552 -1.000000
82557 -1.000000
82558 -1.000000
82560 -1.000000
82561 -1.000000
82563 -1.000000
82564 -1.000000
82565 -1.000000
82566 -1.000000
82568 -1.000000
82573 -1.000000
82575 -1.000000
82576 -1.000000
82579 -1.000000
82581 -1.000000
82582 -1.000000
82584 -1.000000
82585 -1.000000
82592 -1.000000
82593 -1.000000
82594 -1.000000
82595 -1.000000
82596 -1.000000
82597 -1.000000
82598 -1.000000
82599 -1.000000
82600 -1.000000
82601 -1.000000
82602 -1.000000
82603 -1.000000
82604 -1.000000
82605 -1.000000
82606 -1.000000
82607 -1.000000
82608 -1.000000
82610 -1.000000
82612 -1.000000
82613 -1.000000
82614 -1.000000
82615 -1.000000
82616 -1.000000
82617 -1.000000
82618 -1.000000
82619 -1.000000
82620 -1.000000
82621 -1.000000
82622 -1.000000
82623 -1.000000
82624 -1.000000
82625 -1.000000
82626 -1.000000
82628 -1.000000
82630 -1.000000
82631 -1.000000
82633 -1.000000
82634 -1.000000
82635 -1.000000
82636 -1.000000
82637 -1.000000
82638 -1.000000
82640 -1.000000
82641 -1.000000
82643 -1.000000
82644 -1.000000
82645 -1.000000
82646 -1.000000
82649 -1.000000
82650 -1.000000
82651 -1.000000
82655 -1.000000
82658 -1.000000
82659 -1.000000
82660 -1.000000
82661 -1.000000
82662 -1.000000
82666 -1.000000
82667 -1.000000
82668 -1.000000
82670 -1.000000
82671 -1.000000
82672 -1.000000
82677 -1.000000
82678 -1.000000
82679 -1.000000
82680 -1.000000
82681 -1.000000
82684 -1.000000
82686 -1.000000
82694 -1.000000
82695 -1.000000
82696 -1.000000
82697 -1.000000
82700 -1.000000
82701 -1.000000
82702 -1.000000
82703 -1.000000
82704 -1.000000
82705 -1.000000
82706 -1.000000
82707 -1.000000
82708 -1.000000
82711 -1.000000
82715 -1.000000
82717 -1.000000
82719 -1.000000
82720 -1.000000
82722 -1.000000
82725 -1.000000
82727 -1.000000
82728 -1.000000
82751 -1.000000
82755 -1.000000
82757 -1.000000
82762 -1.000000
82763 -1.000000
82773 -1.000000
82774 -1.000000
82776 -1.000000
82778 -1.000000
82783 -1.000000
82784 -1.000000
82787 -1.000000
82788 -1.000000
82789 -1.000000
82790 -1.000000
82792 -1.000000
82793 -1.000000
82796 -1.000000
82798 -1.000000
82799 -1.000000
82800 -1.000000
82801 -1.000000
82802 -1.000000
82803 -1.000000
82804 -1.000000
82806 -1.000000
82814 -1.000000
82818 -1.000000
82832 -1.000000
82833 -1.000000
82835 -1.000000
82836 -1.000000
82837 -1.000000
82838 -1.000000
82839 -1.000000
82840 -1.000000
82841 -1.000000
82842 -1.000000
82843 -1.000000
82844 -1.000000
82845 -1.000000
82846 -1.000000
82848 -1.000000
82849 -1.000000
82850 -1.000000
82854 -1.000000
82855 -1.000000
82856 -1.000000
82864 -1.000000
82865 -1.000000
82866 -1.000000
82868 -1.000000
82881 -1.000000
82882 -1.000000
82883 -1.000000
82885 -1.000000
82886 -1.000000
82887 -1.000000
82888 -1.000000
82889 -1.000000
82894 -1.000000
82897 -1.000000
82898 -1.000000
82900 -1.000000
82902 -1.000000
82903 -1.000000
82904 -1.000000
82935 -1.000000
82945 -1.000000
82946 -1.000000
82947 -1.000000
82948 -1.000000
82949 -1.000000
82950 -1.000000
82951 -1.000000
82952 -1.000000
82953 -1.000000
82954 -1.000000
82957 -1.000000
82959 -1.000000
82961 -1.000000
82975 -1.000000
82977 -1.000000
82978 -1.000000
82979 -1.000000
82982 -1.000000
82986 -1.000000
83010 -1.000000
83011 -1.000000
83012 -1.000000
83013 -1.000000
83014 -1.000000
83015 -1.000000
83017 -1.000000
83018 -1.000000
83023 -1.000000
83026 -1.000000
83028 -1.000000
83029 -1.000000
83031 -1.000000
83032 -1.000000
83033 -1.000000
83034 -1.000000
83035 -1.000000
83043 -1.000000
83044 -1.000000
83050 -1.000000
83052 -1.000000
83055 -1.000000
83058 -1.000000
83059 -1.000000
83060 -1.000000
83061 -1.000000
83062 -1.000000
83063 -1.000000
83064 -1.000000
83066 -1.000000
83067 -1.000000
83068 -1.000000
83070 -1.000000
83073 -1.000000
83075 -1.000000
83076 -1.000000
83077 -1.000000
83078 -1.000000
83079 -1.000000
83080 -1.000000
83081 -1.000000
83082 -1.000000
83085 -1.000000
83086 -1.000000
83087 -1.000000
83088 -1.000000
83089 -1.000000
83090 -1.000000
83091 -1.000000
83095 -1.000000
83096 -1.000000
83098 -1.000000
83099 -1.000000
83100 -1.000000
83101 -1.000000
83102 -1.000000
83103 -1.000000
83104 -1.000000
83105 -1.000000
83106 -1.000000
83107 -1.000000
83108 -1.000000
83109 -1.000000
83110 -1.000000
83111 -1.000000
83112 -1.000000
83113 -1.000000
83114 -1.000000
83116 -1.000000
83151 -1.000000
83152 -1.000000
83155 -1.000000
83157 -1.000000
83158 -1.000000
83159 -1.000000
83160 -1.000000
83163 -1.000000
83164 -1.000000
83176 -1.000000
83178 -1.000000
83181 -1.000000
83182 -1.000000
83184 -1.000000
83189 -1.000000
83190 -1.000000
83193 -1.000000
83194 -1.000000
83195 -1.000000
83196 -1.000000
83197 -1.000000
83198 -1.000000
83199 -1.000000
83200 -1.000000
83201 -1.000000
83202 -1.000000
83203 -1.000000
83204 -1.000000
83208 -1.000000
83211 -1.000000
83213 -1.000000
83214 -1.000000
83222 -1.000000
83224 -1.000000
83225 -1.000000
83226 -1.000000
83228 -1.000000
83229 -1.000000
83246 -1.000000
83247 -1.000000
83248 -1.000000
83249 -1.000000
83252 -1.000000
83262 -1.000000
83263 -1.000000
83267 -1.000000
83268 -1.000000
83269 -1.000000
83270 -1.000000
83271 -1.000000
83272 -1.000000
83275 -1.000000
83277 -1.000000
83278 -1.000000
83279 -1.000000
83280 -1.000000
83284 -1.000000
83286 -1.000000
83287 -1.000000
83288 -1.000000
83291 -1.000000
83293 -1.000000
83297 -1.000000
83300 -1.000000
83302 -1.000000
83303 -1.000000
83304 -1.000000
83306 -1.000000
83315 -1.000000
83318 -1.000000
83319 -1.000000
83320 -1.000000
83321 -1.000000
83322 -1.000000
83323 -1.000000
83327 -1.000000
83334 -1.000000
83339 -1.000000
83344 -1.000000
83345 -1.000000
83347 -1.000000
83353 -1.000000
83357 -1.000000
83358 -1.000000
83361 -1.000000
83364 -1.000000
83365 -1.000000
83368 -1.000000
83369 -1.000000
83371 -1.000000
83374 -1.000000
83375 -1.000000
83376 -1.000000
83378 -1.000000
83379 -1.000000
83380 -1.000000
83382 -1.000000
83383 -1.000000
83385 -1.000000
83388 -1.000000
83389 -1.000000
83392 -1.000000
83393 -1.000000
83394 -1.000000
83395 -1.000000
83396 -1.000000
83397 -1.000000
83398 -1.000000
83399 -1.000000
83401 -1.000000
83407 -1.000000
83410 -1.000000
83414 -1.000000
83415 -1.000000
83416 -1.000000
83419 -1.000000
83422 -1.000000
83428 -1.000000
83429 -1.000000
83437 -1.000000
83439 -1.000000
83440 -1.000000
83442 -1.000000
83445 -1.000000
83446 -1.000000
83447 -1.000000
83448 -1.000000
83449 -1.000000
83450 -1.000000
83451 -1.000000
83454 -1.000000
83455 -1.000000
83456 -1.000000
83457 -1.000000
83458 -1.000000
83459 -1.000000
83460 -1.000000
83461 -1.000000
83462 -1.000000
83464 -1.000000
83465 -1.000000
83466 -1.000000
83468 -1.000000
83469 -1.000000
83470 -1.000000
83471 -1.000000
83472 -1.000000
83473 -1.000000
83474 -1.000000
83475 -1.000000
83476 -1.000000
83477 -1.000000
83479 -1.000000
83481 -1.000000
83484 -1.000000
83486 -1.000000
83487 -1.000000
83488 -1.000000
83490 -1.000000
83491 -1.000000
83492 -1.000000
83493 -1.000000
83494 -1.000000
83495 -1.000000
83496 -1.000000
83498 -1.000000
83505 -1.000000
83507 -1.000000
83509 -1.000000
83511 -1.000000
83512 -1.000000
83517 -1.000000
83520 -1.000000
83523 -1.000000
83524 -1.000000
83525 -1.000000
83527 -1.000000
83529 -1.000000
83535 -1.000000
83536 -1.000000
83537 -1.000000
83538 -1.000000
83541 -1.000000
83546 -1.000000
83547 -1.000000
83548 -1.000000
83549 -1.000000
83550 -1.000000
83551 -1.000000
83553 -1.000000
83556 -1.000000
83558 -1.000000
83559 -1.000000
83560 -1.000000
83561 -1.000000
83562 -1.000000
83563 -1.000000
83565 -1.000000
83574 -1.000000
83578 -1.000000
83579 -1.000000
83580 -1.000000
83581 -1.000000
83582 -1.000000
83584 -1.000000
83585 -1.000000
83586 -1.000000
83587 -1.000000
83588 -1.000000
83589 -1.000000
83591 -1.000000
83592 -1.000000
83593 -1.000000
83596 -1.000000
83597 -1.000000
83599 -1.000000
83600 -1.000000
83603 -1.000000
83607 -1.000000
83608 -1.000000
83609 -1.000000
83610 -1.000000
83612 -1.000000
83613 -1.000000
83614 -1.000000
83616 -1.000000
83617 -1.000000
83624 -1.000000
83625 -1.000000
83626 -1.000000
83627 -1.000000
83628 -1.000000
83629 -1.000000
83630 -1.000000
83631 -1.000000
83632 -1.000000
83634 -1.000000
83637 -1.000000
83640 -1.000000
83641 -1.000000
83642 -1.000000
83643 -1.000000
83644 -1.000000
83645 -1.000000
83646 -1.000000
83647 -1.000000
83648 -1.000000
83649 -1.000000
83650 -1.000000
83652 -1.000000
83653 -1.000000
83654 -1.000000
83655 -1.000000
83656 -1.000000
83657 -1.000000
83660 -1.000000
83661 -1.000000
83663 -1.000000
83664 -1.000000
83665 -1.000000
83666 -1.000000
83667 -1.000000
83668 -1.000000
83669 -1.000000
83670 -1.000000
83671 -1.000000
83672 -1.000000
83673 -1.000000
83674 -1.000000
83675 -1.000000
83676 -1.000000
83677 -1.000000
83679 -1.000000
83680 -1.000000
83682 -1.000000
83683 -1.000000
83684 -1.000000
83686 -1.000000
83687 -1.000000
83688 -1.000000
83689 -1.000000
83690 -1.000000
83691 -1.000000
83692 -1.000000
83693 -1.000000
83695 -1.000000
83696 -1.000000
83699 -1.000000
83700 -1.000000
83701 -1.000000
83702 -1.000000
83703 -1.000000
83704 -1.000000
83705 -1.000000
83706 -1.000000
83707 -1.000000
83708 -1.000000
83709 -1.000000
83710 -1.000000
83711 -1.000000
83712 -1.000000
83713 -1.000000
83714 -1.000000
83716 -1.000000
83720 -1.000000
83721 -1.000000
83722 -1.000000
83723 -1.000000
83724 -1.000000
83725 -1.000000
83726 -1.000000
83727 -1.000000
83728 -1.000000
83729 -1.000000
83731 -1.000000
83732 -1.000000
83733 -1.000000
83735 -1.000000
83736 -1.000000
83737 -1.000000
83738 -1.000000
83739 -1.000000
83740 -1.000000
83742 -1.000000
83743 -1.000000
83745 -1.000000
83746 -1.000000
83747 -1.000000
83750 -1.000000
83751 -1.000000
83752 -1.000000
83753 -1.000000
83754 -1.000000
83755 -1.000000
83756 -1.000000
83757 -1.000000
83758 -1.000000
83759 -1.000000
83760 -1.000000
83761 -1.000000
83762 -1.000000
83763 -1.000000
83764 -1.000000
83765 -1.000000
83766 -1.000000
83769 -1.000000
83770 -1.000000
83771 -1.000000
83772 -1.000000
83773 -1.000000
83774 -1.000000
83775 -1.000000
83776 -1.000000
83778 -1.000000
83779 -1.000000
83780 -1.000000
83781 -1.000000
83783 -1.000000
83784 -1.000000
83785 -1.000000
83786 -1.000000
83788 -1.000000
83790 -1.000000
83791 -1.000000
83792 -1.000000
83793 -1.000000
