83980 57.094000
83982 58.260000
83987 60.302000
83999 67.703000
84031 52.478000
84036 60.611000
84051 42.442000
84054 48.645000
84077 62.348000
84079 43.558000
84115 62.483000
84142 55.516000
84143 55.849000
84158 66.375000
84160 66.072000
84161 57.578000
84162 65.768000
84163 65.745000
84164 65.581000
84165 64.432000
84166 65.260000
84167 65.758000
84168 65.609000
84169 65.562000
84170 64.446000
84171 64.653000
84172 61.274000
84173 61.241000
84180 57.028000
84271 68.689000
84275 71.964000
84308 54.066000
84315 61.706000
84322 52.757000
84323 50.809000
84324 67.761000
84328 52.269000
84352 56.338000
84408 56.079000
84428 52.550000
84433 64.507000
84435 48.404000
84462 53.487000
84464 54.373000
84465 53.856000
84467 53.787000
84517 55.391000
84519 62.414000
84520 61.561000
84524 64.352000
84581 58.570000
84595 55.371000
84600 54.728000
84620 60.637000
84628 44.644000
84639 56.795000
84640 60.077000
84648 52.534000
84655 53.855000
84656 52.276000
84657 53.012000
84658 48.198000
84671 48.609000
84674 48.703000
84676 47.269000
84677 45.992000
84679 48.144000
84681 48.622000
84690 57.988000
84691 56.899000
84695 45.147000
84696 57.971000
84707 42.448000
84715 55.956000
84716 61.576000
84748 51.816000
84808 49.022000
84820 53.125000
84826 53.835000
84827 54.505000
84828 53.998000
84829 53.174000
84857 52.303000
84858 49.521000
84861 61.379000
84862 44.904000
84869 59.811000
84870 52.772000
84912 55.777000
84933 63.841000
84935 44.202000
84937 65.729000
84942 53.223000
84943 53.002000
84946 53.406000
84947 52.257000
84950 54.623000
84955 49.091000
84957 56.140000
84960 60.014000
84962 60.116000
84965 58.565000
84986 54.540000
84987 59.135000
84988 54.721000
84989 51.132000
84990 51.432000
84991 61.108000
84994 47.247000
84995 54.857000
84996 64.204000
84998 51.615000
85005 64.394000
85033 46.945000
85048 57.780000
85070 52.611000
85072 52.023000
85073 54.245000
85074 52.204000
85076 59.550000
85077 61.266000
85162 54.661000
85164 47.220000
85165 56.460000
85168 57.332000
85170 60.336000
85171 54.831000
85176 58.868000
85177 56.874000
85179 55.828000
85182 55.635000
85185 54.932000
85187 60.373000
85188 51.912000
85189 61.024000
85190 52.724000
85191 53.310000
85192 60.552000
85193 54.018000
85200 47.141000
85202 42.509000
85204 46.227000
85212 58.269000
85222 48.971000
85229 56.333000
85236 55.035000
85238 57.957000
85239 55.257000
85240 56.385000
85241 60.581000
85251 55.288000
85252 53.744000
85253 55.255000
85257 56.118000
85258 55.034000
85259 57.055000
85285 50.560000
85286 50.533000
85287 50.850000
85290 61.096000
85291 61.063000
85292 60.681000
85293 54.933000
85294 59.465000
85295 55.196000
85300 62.739000
85359 55.633000
85360 59.611000
85362 51.807000
85363 52.514000
85387 64.350000
85390 59.210000
85396 47.740000
85401 51.074000
85410 61.132000
85411 61.146000
85447 61.926000
85455 52.266000
85457 63.455000
85460 53.227000
85467 53.057000
85472 51.837000
85473 51.687000
85482 60.001000
85483 46.571000
85484 46.700000
85551 46.766000
85554 43.391000
85593 42.798000
85603 42.851000
85643 49.750000
85674 53.981000
85720 46.072000
85722 64.085000
85727 46.283000
85753 56.435000
85763 48.685000
85767 46.787000
85771 54.050000
85774 46.670000
85779 54.184000
85780 51.615000
85792 52.684000
85808 45.813000
85809 53.861000
85843 51.943000
85861 51.218000
85865 49.968000
85867 50.332000
85869 47.270000
85882 50.214000
85883 49.687000
85925 45.264000
85944 56.634000
85958 59.550000
85959 59.602000
85964 54.644000
86102 53.739000
86129 55.013000
86268 49.344000
86291 57.813000
86337 49.797000
86448 63.370000
86449 62.157000
86542 50.178000
86545 45.187000
86558 51.933000
86580 53.509000
86585 50.981000
86586 50.455000
86588 49.225000
86591 51.230000
86601 50.629000
86603 53.093000
86614 54.230000
86826 47.503000
86866 64.704000
86911 55.250000
86986 60.128000
86991 54.040000
87011 43.133000
87056 44.702000
87068 51.719000
87134 60.154000
87151 63.217000
87248 51.773000
87254 52.503000
87356 43.628000
87434 45.286000
87435 43.294000
87441 44.718000
87477 53.006000
87478 48.760000
87490 53.713000
87510 54.918000
87515 56.566000
87640 53.051000
87643 56.193000
87644 56.042000
87647 53.279000
87649 54.203000
87702 64.004000
87713 59.769000
87714 61.537000
87719 59.209000
87720 59.168000
87728 46.427000
87743 43.074000
87746 52.294000
87751 64.087000
87757 62.878000
87782 60.344000
87787 50.256000
87790 56.591000
87791 46.965000
87796 53.479000
87797 57.577000
87798 48.821000
87811 48.633000
87812 48.700000
87813 48.773000
87820 53.615000
87821 57.520000
87822 57.475000
87824 57.865000
87826 57.000000
87827 52.926000
87828 54.126000
87832 47.632000
87848 50.181000
87856 56.234000
87857 47.886000
87859 56.751000
87861 55.045000
87863 55.824000
87864 53.267000
87878 51.628000
87942 60.100000
88098 50.168000
88197 47.009000
88220 47.283000
88238 48.187000
88239 55.773000
88258 54.906000
88367 58.489000
88420 53.942000
88494 59.049000
88498 49.252000
88499 49.996000
88511 56.585000
88520 57.916000
88535 49.761000
88547 55.957000
88550 49.700000
88577 52.380000
88613 51.149000
88627 56.809000
88632 55.500000
88736 62.365000
88745 60.511000
89127 54.600000
89182 51.103000
89186 51.129000
89192 55.701000
89325 56.046000
89418 58.982000
89439 59.408000
89635 64.828000
89659 50.743000
89774 54.764000
89780 54.256000
89843 43.449000
89892 50.899000
90164 55.479000
90218 51.472000
90219 52.108000
90226 56.852000
90276 57.241000
90333 45.624000
90336 51.288000
90337 51.364000
90404 50.415000
90433 50.711000
90434 50.211000
90444 50.718000
90445 54.664000
90544 55.149000
90548 55.156000
90641 53.673000
91042 67.259000
91072 62.929000
91098 43.410000
91103 47.177000
91266 50.725000
91302 55.967000
91407 55.518000
91627 53.645000
91681 57.620000
92038 54.712000
92056 49.993000
92057 49.949000
92069 53.972000
92077 50.535000
92082 51.342000
92101 48.219000
92125 52.160000
92135 58.630000
92136 59.924000
92140 60.312000
92229 53.957000
92264 53.918000
92270 55.440000
92305 53.205000
92309 54.446000
92312 54.222000
92376 57.186000
92377 56.089000
92410 51.739000
92422 54.664000
92453 43.290000
