66027 49.3691
66092 56.0937
66122 64.8704
66143 56.4419
66154 57.6174
66225 46.8818
66238 65.0813
66260 64.1813
66299 45.0703
66304 65.0732
66313 64.8735
66369 44.2624
66380 58.5748
66382 69.0391
66383 69.3217
66395 51.4857
66409 47.1829
66428 50.2067
66503 47.7778
66509 47.0272
66569 46.9565
66965 49.4817
66973 50.5661
66976 51.5471
67665 59.3562
67681 42.8329
67702 64.0143
67710 58.3619
67749 73.8427
67780 61.8097
67906 72.3231
67915 72.3333
67918 58.7499
67942 59.5036
67971 51.0669
67982 63.3836
67989 63.6600
67992 65.9825
67994 65.5493
67997 68.2598
68001 56.5340
68003 62.2746
68006 58.2072
68008 63.6150
68027 56.9129
68029 65.0281
68031 65.3844
68032 65.6609
68092 55.5213
68095 65.3210
68098 57.0778
68116 57.5826
68117 56.5821
68148 64.1034
68193 64.3307
68222 56.7204
68227 60.3638
68229 59.9931
68231 65.6333
68237 60.1395
68252 65.6855
68314 62.0800
68450 64.9032
68459 65.7295
68461 65.5421
68475 59.2548
68480 60.4324
68496 58.5554
68572 60.8891
68644 51.7632
68647 54.9724
68651 49.4060
68773 44.4672
68782 47.4266
68827 46.9842
68835 44.3341
68844 44.9219
68912 55.0226
68915 54.9960
68918 49.5206
68921 44.2296
68925 45.3345
68930 51.7038
68949 50.4310
68985 43.6572
68986 51.8011
68994 43.5241
69030 43.4760
69081 49.4428
69083 45.0007
69085 45.3325
69087 49.4357
69096 50.7750
69131 70.5382
69257 46.0083
69281 50.2333
69303 43.7770
69311 43.6654
69315 43.6255
69336 68.5496
69349 55.1465
69355 58.0915
69373 68.3469
69381 45.1318
69455 44.5409
69538 61.1092
69731 52.4380
69740 57.5519
69814 46.5275
69816 46.0298
69913 51.5912
69974 48.0748
69988 61.1000
70057 55.4988
70071 44.9444
70073 52.9183
70078 46.2111
70102 62.6043
70106 62.3954
70117 58.8954
70118 60.8778
70119 62.3411
70120 64.3891
70121 59.0981
70125 58.3567
70130 57.1126
70131 58.9507
70171 64.5550
70182 63.3590
70261 50.3153
70270 50.7638
70276 48.1679
70301 52.0458
70341 48.6656
70417 50.2723
70427 61.4482
70433 60.1354
70440 65.0813
70453 62.2551
70509 65.5954
70511 66.3757
70568 59.5640
70570 59.7996
70572 59.2108
70574 64.2099
70576 64.0942
70606 64.4168
70610 44.9997
70634 66.6122
70643 60.0074
70675 61.7492
70686 67.9598
70702 72.5135
70711 65.2616
70712 56.8084
70717 63.9017
72163 62.2250
72172 68.0828
72195 47.7182
72283 69.0910
72302 43.9048
72422 58.8736
72460 53.7274
72465 58.8642
72468 51.0260
72497 60.6820
72500 58.2056
72537 43.3302
72549 44.3212
72563 57.7750
72567 56.0754
72643 61.8576
72670 43.8160
72723 55.7066
72734 54.1164
72738 45.9754
72782 43.8896
72786 43.7048
72799 59.2434
72852 62.0578
72897 43.8898
72922 60.0350
73062 57.4352
73460 56.8774
73462 54.3014
73492 43.8080
73495 44.0318
73497 44.6042
73534 63.1956
73560 60.8172
73565 61.1874
73685 57.6200
73691 57.5208
73703 49.8676
73710 46.2660
73744 43.1614
73765 57.4288
73766 57.5588
73851 66.2718
73879 63.1218
73885 63.5230
73911 65.8964
73968 59.0428
73972 55.2618
73979 55.9506
74032 51.9594
74058 50.8188
74077 56.9678
74079 51.6174
74098 59.3066
74164 69.1886
74165 61.5148
74170 58.5466
74177 49.0546
74208 42.6268
74214 50.1358
74301 68.6540
74330 56.0524
74334 59.1014
74336 58.0252
74338 58.6874
74339 62.2724
74341 58.0152
74344 57.4776
74369 68.5500
74383 43.3518
74391 68.7452
74415 64.6918
74417 64.6556
74420 56.5584
74425 57.0024
74429 63.5930
74494 53.7784
74497 48.5872
74519 64.6726
74530 47.8710
74543 45.6362
74544 45.3310
74562 51.3436
74570 51.2818
74576 51.8704
74615 63.0366
74642 44.2138
74693 61.4150
74698 50.2464
74704 58.9882
74721 46.6476
74738 43.6228
74746 45.1730
74797 63.4114
74937 59.7758
74942 56.5022
75003 49.4882
75067 57.9692
75076 43.9268
75162 69.8104
75179 62.0226
75210 57.3972
75218 45.6426
75307 65.7254
75384 43.0670
75415 63.6238
75417 59.7764
75419 57.2290
75453 43.3108
75478 60.6148
75485 57.7544
75495 65.4260
75543 58.7372
75546 63.8958
75608 65.0854
75652 65.7280
75657 65.8486
75671 43.8448
75679 60.1546
75766 49.6394
75787 44.0254
75835 55.0328
75837 55.1452
75844 59.6866
75845 57.1188
75846 58.9678
75880 50.9510
75949 43.8866
75971 53.6172
76030 55.9904
76064 44.1954
76193 58.5658
76294 63.8440
76425 64.4100
76431 70.4102
76497 44.6260
76499 44.7628
76539 64.6870
76589 42.9636
76655 70.0462
76672 56.3124
76694 68.5988
76705 66.8168
76783 44.1112
76794 44.7524
76818 63.6860
76844 42.9974
76848 43.1078
76850 43.0380
76872 62.6530
76911 44.6856
76920 61.7478
76936 51.3786
