163530   4.519000
163595   1.164500
163601   6.631000
163602   6.513000
163603   6.519000
163604   6.544500
163605   1.665000
163611   6.108000
163648   4.259000
163649   4.174000
163654   5.901500
163699   5.333000
163700   6.054000
163701   6.060500
163702   1.857000
163704   5.971500
163705   0.992000
163709   0.952000
163714   7.040500
163720   5.167000
163735   6.103500
163741   5.547000
163743   7.020000
163749   6.878000
163751   5.739500
163760   5.521500
163761   5.499000
163762   5.462000
163773   5.476000
163781   5.151500
163783   4.856000
163784   2.335000
163785   1.764500
163801   5.670500
163803   5.655500
163805   5.647000
163806   5.777000
163807   5.645500
163809   5.652500
163810   5.649500
163812   5.242500
163817   6.897500
163820   5.961500
163822   7.022500
163824   7.022000
163827   5.946500
163836   7.020000
164029   0.705000
164037   4.956000
164074   6.820500
164083   7.133000
164115   5.265000
164126   7.089500
164128   5.904500
164129   6.013500
164130   6.033500
164131   6.042000
164132   0.935000
164133   5.414500
164150   7.094500
164168   5.355000
164175   6.126500
164185   7.135000
164204   7.068500
164219   5.969500
164223   7.237500
164224   4.082500
164225   0.507000
164226   4.827000
164227   6.800000
164238   4.235500
164243   5.399000
164247   5.004500
164273   1.866500
164274   5.456000
164276   5.701500
164277   5.030000
164278   5.160500
164279   6.109000
164280   4.175500
164281   5.646000
164286   2.441000
164290   6.393000
164291   3.336000
164292   5.688000
164293   6.082500
164294   5.329000
164299   7.119500
164300   4.873000
164301   4.157000
164302   6.034000
164303   2.234500
164305   3.460500
164306   2.650500
164307   3.972500
164308   2.425000
164313   2.428500
164314   2.940500
164317   2.989500
164319   7.091000
164321   5.542500
164323   1.835500
164324   2.415000
164330   6.149500
164331   4.768500
164332   6.197000
164333   4.571000
164334   6.206000
164335   6.229500
164338   4.828000
164347   1.199500
164350   0.891000
164351   3.069500
164352   4.792000
164355   3.292500
164360   5.414500
164361   4.194000
164363   2.162500
164364   1.865500
164365   3.876500
164367   2.340500
164368   2.996500
164369   3.570500
164370   2.696000
164372   5.018000
164373   4.814000
164375   3.798500
164384   1.284500
164391   1.309000
164398   1.198000
164400   1.197500
164401   1.315500
164403   1.198000
164424   7.365000
164438   5.362000
164439   3.107000
164444   2.427500
164445   2.428000
164446   4.209000
164448   4.228000
164450   3.401000
164451   4.642500
164453   4.479500
164462   6.944500
164469   3.866000
164471   3.865500
164472   3.315000
164474   3.217500
164491   4.812000
164514   4.133000
164516   4.199000
164528   3.989500
164538   4.035500
164546   7.374500
164547   6.380500
164548   2.308500
164550   5.724000
164551   3.615000
164553   3.807000
164554   2.161000
164555   3.660500
164557   3.769500
164558   3.870000
164560   4.546000
164561   5.051000
164562   3.644500
164563   3.725000
164564   4.484500
164566   5.585500
164571   5.018500
164574   4.823000
164579   4.579500
164580   3.763500
164581   4.939500
164582   4.342500
164583   4.304500
164584   4.860000
164630   6.561500
164631   6.566500
164632   6.564500
164633   6.563000
164634   6.563500
164635   6.553500
164636   6.549000
164637   6.565000
164638   6.560500
164639   6.562500
164640   6.566000
164641   6.561500
164643   6.563500
164646   4.531500
164667   2.741000
164668   4.419000
164669   3.984000
164670   3.567000
164671   3.528000
164672   3.584000
164673   3.180000
164674   4.377000
164676   3.690000
164677   4.875500
164678   3.868500
164679   3.655500
164680   4.567500
164682   4.668000
164686   1.676500
164694   6.557500
164695   6.562000
164696   6.561500
164697   6.565500
164698   6.535000
164699   6.552500
164700   6.540000
164701   6.541500
164702   6.551500
164703   6.552000
164707   6.551500
164708   6.548500
164709   6.552000
164710   6.550000
164711   6.544000
164713   1.557000
164716   2.470500
164717   3.601000
164723   6.406000
164773   7.375500
164777   7.379000
164786   6.873500
164794   6.724000
164796   6.831500
164802   6.358000
164803   5.856000
164804   6.286500
164805   6.139000
164807   6.498500
164808   6.876000
164809   6.871500
164810   6.869500
164811   4.803500
164812   4.064000
164815   7.040500
164816   7.052000
164833   7.036500
164838   7.037000
164842   7.039000
164849   4.576000
164850   7.032500
164863   2.160500
164869   5.294000
164871   4.356000
164872   4.624000
164876   5.534500
164881   5.271000
164882   5.209500
164885   0.655500
164894   5.211500
164904   5.062000
164905   5.311500
164906   5.156000
164914   7.035500
164915   7.035500
164916   7.033000
164917   7.032500
164918   7.032500
164919   7.030500
164920   7.036000
164921   7.036000
164922   7.037500
164923   7.039500
164924   7.039000
164925   7.034000
164932   5.853500
164933   3.359000
164934   3.189500
164935   5.359000
164937   5.831500
164938   5.376500
164939   5.706500
164942   3.588500
164943   3.093000
164944   2.283500
164945   2.168000
164946   2.140000
164947   4.128500
164948   4.135000
164949   4.306500
164950   5.551500
164959   3.721500
164961   3.172000
164962   2.961500
164963   3.134000
164964   2.931000
164971   7.354500
164972   3.860000
164976   3.424000
164983   2.791000
164984   3.487000
164989   3.408000
164990   3.747500
164992   3.107500
164994   1.744000
164995   1.725500
165000   2.307500
165001   2.701500
165002   2.949000
165003   2.043500
165004   4.216500
165011   6.454500
165050   6.391000
165092   4.538500
165093   4.920500
165103   6.180000
165104   6.378000
165105   6.207000
165106   6.872500
165107   6.875500
165108   5.901500
165109   3.856500
165110   4.365000
165111   3.900500
165112   1.231000
165121   1.053500
165123   7.040000
165126   8.916000
165127   8.972000
165128   8.984000
165132   8.950000
165133   8.396000
165136   8.339000
165139   7.276500
165140   6.272500
165144   4.433000
165150   5.239000
165152   4.884500
165154   4.885000
165174   5.856500
165187   3.380500
165189   2.951000
165191   4.084000
165197   5.426500
165198   3.287500
165199   3.300500
165200   3.792500
165201   3.688500
165206   6.123000
165207   5.733500
165208   5.257000
165224   2.531500
165226   6.163500
165227   6.786000
165233   7.371000
165235   2.986500
165236   4.640000
165237   3.310000
165238   2.744000
165239   2.481000
165242   2.804000
165243   2.974000
165244   2.743000
165246   5.050500
165247   3.581500
165248   4.692000
165249   3.925000
165250   2.879000
165251   6.871500
165253   3.742500
165257   5.182500
165259   4.922000
165261   4.965000
165263   4.330000
165265   5.007000
165271   5.787000
165272   5.678000
165273   5.653500
165274   5.649500
165279   6.363000
165282   6.835500
165294   5.336500
165348   4.656000
165355   4.547000
165363   1.081000
165364   1.197500
165371   1.198000
165374   1.200000
165384   1.199500
165385   1.198000
165399   3.424000
165401   5.448000
165404   5.337500
165409   3.687500
165411   5.443000
165412   5.618500
165414   5.594000
165416   5.617500
165417   5.523000
165418   4.084000
165421   3.356500
165453   1.280500
165459   7.364000
165490   4.580000
165493   3.722000
165496   3.489000
165503   5.512500
165511   3.082500
165524   7.367000
165525   0.944000
165526   2.261000
165527   2.494000
165528   2.425000
165529   2.392500
165531   2.319000
165532   2.696000
165533   2.266500
165534   3.569000
165535   1.770000
165536   1.952500
165539   2.699000
165540   4.215000
165542   3.246000
165543   2.529500
165544   2.959000
165669   5.548500
165670   6.205000
165671   4.875000
165672   4.755000
165673   5.222000
165676   4.819000
165677   7.097500
165678   7.077500
165680   3.824500
165682   3.008000
165686   5.157500
165688   6.094000
165691   0.557500
165693   1.280000
165694   1.305000
165703   0.749000
165709   1.670000
165711   2.224000
165712   1.755000
165715   4.545500
165716   2.814000
165717   1.084000
165718   1.398000
165722   2.276000
165724   3.409500
165726   5.542500
165727   2.317000
165728   3.328000
165729   1.471500
165731   2.415500
165811   0.701500
165812   0.709000
165814   8.524500
165815   8.773500
165816   8.364000
165817   3.328000
165819   8.182500
165821   6.182000
165822   8.939000
165823   3.673500
165824   8.283500
165825   8.637000
165826   8.103500
165827   7.650000
165828   0.850500
165830   0.728500
165831   1.035000
165832   1.229500
165833   8.264000
165834   5.796500
165835   6.416000
165836   5.846000
165837   5.023000
165838   8.247500
165845   0.824000
165848   0.794500
165850   0.804000
165851   5.665000
165855   7.023000
165856   7.021000
165858   7.061500
165883   1.541000
165884   3.719500
165886   1.993500
165899   3.652500
165900   1.141500
165901   3.660500
165902   0.577000
165903   1.003000
165907   3.622000
165908   3.657000
165909   4.088500
165968   6.133500
165969   5.141500
165970   6.136500
165978   3.706500
165979   4.392000
165981   6.874500
165985   7.376000
165986   6.873500
165987   4.666000
165988   6.130000
165989   5.341500
165990   4.721000
165991   6.128500
165992   4.528500
165993   4.597000
165994   4.504000
165995   4.066000
165996   4.524000
165997   5.130000
165998   3.553500
165999   5.178000
166000   6.137000
166001   6.136000
166002   3.245000
166003   3.091500
166004   6.140500
166005   6.594000
166006   3.079500
166007   6.813000
166011   1.464500
166012   3.739500
166017   7.375500
166018   3.170500
166019   3.104000
166020   3.202000
166022   5.481500
166024   5.252000
166028   4.048500
166038   5.532000
166039   5.195000
166047   3.737500
166053   5.434000
166072   5.713000
166076   1.704000
166079   5.437500
166082   5.560000
166088   5.480500
166095   3.881000
166096   5.476500
166097   5.689000
166098   5.769000
166116   6.058000
166119   5.500000
166121   5.339000
166125   5.386500
166128   3.336500
166139   7.070000
166152   5.840000
166153   7.009000
166154   7.013500
166155   7.009500
166157   7.010000
166159   5.882000
166160   5.853000
166161   5.843000
166164   5.887000
166170   4.815500
166178   3.918500
166179   5.433500
166184   3.407000
166185   5.114500
166186   5.107000
166187   2.835500
166188   5.043500
166190   5.060000
166191   5.076000
166192   5.114000
166254   5.385000
166255   5.945500
166257   2.609500
166258   2.743500
166260   3.786500
166261   6.075000
166262   4.591500
166281   0.872000
166282   1.856000
166284   1.852500
166287   1.040500
166288   1.258500
166289   1.092000
166290   1.300500
166291   0.908000
166292   1.206000
166293   1.034500
166294   0.791000
166295   1.102500
166299   1.181500
166300   5.736000
166301   2.237000
166302   2.138500
166304   2.433500
166305   5.557000
166306   2.899000
166307   5.523000
166311   1.607000
166312   1.560500
166314   2.694500
166315   1.480500
166318   0.977500
166319   1.014000
166320   1.962000
166321   2.454000
166322   1.771000
166323   2.741500
166324   2.657000
166325   1.983500
166328   4.104500
166329   1.742500
166330   1.990000
166334   6.963500
166342   5.222000
166344   4.802500
166363   4.637000
166364   3.482000
166365   5.297500
166395   1.394500
166413   4.430000
166414   4.922500
166418   4.658000
166422   2.659500
166435   5.569500
166436   5.445000
166437   2.427500
166438   5.051500
166439   4.867500
166440   5.329000
166441   3.928000
166443   4.451000
166445   3.787000
166446   4.699000
166447   4.701000
166448   5.217000
166449   4.478000
166450   4.461000
166451   2.443500
166452   4.280000
166453   2.278500
166454   4.837500
166456   4.992500
166457   4.171000
166458   5.322500
166459   5.606500
166460   4.747500
166461   5.549000
166462   3.526000
166463   3.614000
166464   3.506500
166465   3.790000
166466   3.688500
166467   4.269500
166468   3.757000
166469   3.656000
166470   3.508500
166493   4.079000
166500   4.080500
166502   4.956000
166503   4.033000
166527   2.580500
166550   5.122000
166551   4.000500
166552   3.457500
166553   4.474000
166554   3.895000
166555   5.035500
166559   3.257000
166560   3.396500
166562   4.293000
166563   4.003000
166564   5.055500
166565   4.187500
166571   3.029000
166575   5.315500
166576   6.179000
166594   0.553000
166599   5.618500
166601   2.505000
166605   5.589500
166607   5.651500
166610   5.418000
166611   5.363500
166616   5.621000
166622   5.638500
166627   4.192500
166629   2.826500
166630   4.170000
166631   4.205500
166632   4.198000
166633   4.170000
166635   4.146000
166636   4.151000
166637   4.147500
166638   4.153500
166639   4.152000
166640   4.159000
166641   3.278500
166642   4.150500
166643   4.151500
166644   5.156500
166645   2.218500
166646   5.202000
166648   5.156500
166649   5.168500
166650   5.163000
166651   5.172500
166652   5.170000
166653   5.174000
166654   5.160500
166655   5.161000
166656   5.165500
166657   5.162500
166658   5.166500
166659   5.166000
166660   5.174000
166671   1.659500
166672   1.727500
166673   1.632500
166674   1.788000
166675   1.692000
166677   1.915000
166681   4.836500
166682   4.692000
166684   5.514000
166686   3.270500
166687   4.721000
166688   5.213000
166689   5.935500
166691   4.508000
166692   5.251000
166712   1.034000
166713   1.150000
166714   1.040000
166715   5.345000
166719   1.923500
166729   5.508500
166738   3.744000
166741   1.511500
166742   3.308000
166776   1.074000
166778   1.088500
166779   0.894500
166780   0.912500
166781   0.966500
166783   1.571500
166784   2.023500
166792   3.830500
166796   1.505500
166799   1.393000
166800   2.193000
166801   3.007500
166802   3.758000
166811   5.160000
166815   5.113500
166816   4.729000
166817   2.436500
166818   3.124000
166819   4.611000
166820   4.022000
166821   4.340500
166822   4.279500
166823   4.161500
166824   4.267000
166825   4.304000
166826   4.482500
166827   2.559500
166828   4.965000
166829   3.224000
166830   4.550500
166831   4.716500
166832   5.033000
166840   4.949000
166855   4.367000
166856   5.820500
166859   5.542500
166860   5.404500
166861   4.097500
166862   4.806500
166863   4.617000
166867   3.153000
166869   4.392000
166870   4.478500
166871   1.504500
166872   4.060000
166873   5.047000
166874   4.759000
166875   4.478000
166876   5.145500
166877   2.637000
166878   4.153000
166879   3.578000
166880   5.237000
166881   5.431500
166882   4.975000
166884   5.129500
166885   5.227000
166886   5.299000
166887   5.671500
166888   5.345500
166890   6.104500
166891   5.377500
166892   4.732500
166913   5.838500
166914   4.631500
166915   5.392000
166918   5.389500
166919   5.366500
166927   1.065500
166928   1.742500
166929   4.976000
166930   5.046000
166931   4.051500
166932   4.228500
166933   4.225500
166934   4.400500
166935   4.478000
166936   4.230500
166937   4.190500
166938   3.778000
166939   4.098500
166942   2.899000
166943   4.016000
166944   5.286500
166945   5.955000
166950   6.116500
166952   5.292500
166953   5.259000
167063   0.673000
167085   2.085500
167086   5.535500
167094   0.660000
167096   0.741500
167103   0.736500
167105   0.789500
167106   0.783500
167107   0.787500
167108   0.723000
167118   2.798000
167133   1.693000
167146   4.320500
167150   5.478500
167163   4.934000
167189   2.112500
167224   0.789500
167245   5.410000
167269   2.186000
167278   5.405000
167282   5.119000
167283   5.136500
167304   5.651000
167312   5.370500
167316   5.685000
167323   2.984500
167333   3.190000
167334   1.819500
167335   2.169500
167336   1.749000
167337   5.923500
167338   6.031500
167339   2.289000
167340   3.335500
167341   3.055500
167342   5.238500
167343   2.486000
167344   2.552500
167345   1.991500
167346   2.029500
167347   5.761500
167352   5.717500
167359   5.725000
167363   1.167000
167407   5.777500
167415   4.738000
167429   4.494000
167436   0.886500
167438   3.657500
167442   0.734500
167445   4.861000
167446   0.689500
167447   1.046000
167448   1.219000
167450   4.776000
167452   5.180500
167454   0.991500
167456   1.013000
167458   3.967500
167459   1.044500
167461   1.095500
167462   1.143500
167464   4.364000
167465   4.265000
167469   2.654500
167470   1.177000
167471   1.076500
167472   4.538500
167476   4.870000
167477   1.109000
167478   1.092000
167479   1.026500
167480   5.073500
167487   2.159000
167488   5.269000
167492   7.088000
167494   3.478500
167496   6.479500
167497   6.663000
167498   6.497500
167500   5.281500
167501   6.870000
167503   4.615500
167505   5.835500
167550   2.418500
167556   5.325500
167557   5.263000
167558   5.222000
167559   4.382500
167560   0.883000
167561   3.428500
167562   3.831500
167564   2.640000
167565   2.804500
167566   2.733000
167586   2.967000
167587   5.072500
167588   5.124500
167590   5.076000
167591   5.206000
167592   1.541500
167593   5.521000
167594   1.891000
167595   3.250500
167596   2.214000
167597   2.118000
167598   1.967500
167599   2.018000
167610   1.717000
167611   2.536500
167612   4.774500
167613   0.619500
167614   4.767000
167615   4.079500
167616   1.237000
167617   4.100000
167619   4.916000
167621   4.590000
167622   2.778000
168442   0.847500
168443   0.626500
168445   2.576500
168446   1.405500
168447   1.776500
168448   2.082500
168449   1.831000
168483   0.672000
168485   0.662500
168486   0.820500
168489   0.714500
168492   2.338000
168493   2.316000
168494   2.341000
168495   4.422000
168501   4.676500
168502   6.203500
168503   5.755500
168505   4.525000
168506   5.711000
168507   6.390500
168508   6.281000
168509   6.097000
168510   3.070000
168511   6.675500
168512   2.955000
168513   6.267000
168514   0.940500
168515   7.020000
168517   2.807000
168518   7.039500
168520   6.258000
168521   6.160500
168522   6.134000
168527   7.124000
168528   6.484500
168531   6.278000
168532   6.127500
168533   7.128000
168538   6.271000
168539   7.039000
168540   6.139500
168541   6.132000
168542   6.280500
168543   7.031000
168545   6.141500
168546   6.151500
168547   6.142000
168549   7.032000
168550   6.307500
168552   7.019500
168553   6.141500
168555   6.704000
