167475   -1.000000
167481   -1.000000
167482   -1.000000
167483   -1.000000
167484   -1.000000
167485   -1.000000
167486   -1.000000
167489   -1.000000
167490   -1.000000
167491   -1.000000
167493   -1.000000
167495   -1.000000
167499   -1.000000
167502   -1.000000
167504   -1.000000
167506   -1.000000
167515   -1.000000
167516   -1.000000
167517   -1.000000
167518   -1.000000
167519   -1.000000
167520   -1.000000
167521   -1.000000
167522   -1.000000
167523   -1.000000
167524   -1.000000
167525   -1.000000
167526   -1.000000
167527   -1.000000
167528   -1.000000
167529   -1.000000
167530   -1.000000
167531   -1.000000
167532   -1.000000
167533   -1.000000
167534   -1.000000
167535   -1.000000
167536   -1.000000
167537   -1.000000
167538   -1.000000
167539   -1.000000
167540   -1.000000
167541   -1.000000
167542   -1.000000
167547   -1.000000
167548   -1.000000
167549   -1.000000
167551   -1.000000
167552   -1.000000
167553   -1.000000
167554   -1.000000
167555   -1.000000
167563   -1.000000
167567   -1.000000
167568   -1.000000
167569   -1.000000
167570   -1.000000
167571   -1.000000
167572   -1.000000
167574   -1.000000
167575   -1.000000
167576   -1.000000
167577   -1.000000
167578   -1.000000
167579   -1.000000
167580   -1.000000
167589   -1.000000
167600   -1.000000
167601   -1.000000
167602   -1.000000
167603   -1.000000
167605   -1.000000
167606   -1.000000
167607   -1.000000
167608   -1.000000
167618   -1.000000
168439   -1.000000
168440   -1.000000
168441   -1.000000
168444   -1.000000
168450   -1.000000
168451   -1.000000
168484   -1.000000
168487   -1.000000
168488   -1.000000
168490   -1.000000
168491   -1.000000
168500   -1.000000
168504   -1.000000
168516   -1.000000
168519   -1.000000
168529   -1.000000
168530   -1.000000
168534   -1.000000
168536   -1.000000
168537   -1.000000
168544   -1.000000
168548   -1.000000
168551   -1.000000
168554   -1.000000
