167480   5.073500
167487   2.159000
167488   5.269000
167492   7.088000
167494   3.478500
167496   6.479500
167497   6.663000
167498   6.497500
167500   5.281500
167501   6.870000
167503   4.615500
167505   5.835500
167550   2.418500
167556   5.325500
167557   5.263000
167558   5.222000
167559   4.382500
167560   0.883000
167561   3.428500
167562   3.831500
167564   2.640000
167565   2.804500
167566   2.733000
167586   2.967000
167587   5.072500
167588   5.124500
167590   5.076000
167591   5.206000
167592   1.541500
167593   5.521000
167594   1.891000
167595   3.250500
167596   2.214000
167597   2.118000
167598   1.967500
167599   2.018000
167610   1.717000
167611   2.536500
167612   4.774500
167613   0.619500
167614   4.767000
167615   4.079500
167616   1.237000
167617   4.100000
167619   4.916000
167621   4.590000
167622   2.778000
168442   0.847500
168443   0.626500
168445   2.576500
168446   1.405500
168447   1.776500
168448   2.082500
168449   1.831000
168483   0.672000
168485   0.662500
168486   0.820500
168489   0.714500
168492   2.338000
168493   2.316000
168494   2.341000
168495   4.422000
168501   4.676500
168502   6.203500
168503   5.755500
168505   4.525000
168506   5.711000
168507   6.390500
168508   6.281000
168509   6.097000
168510   3.070000
168511   6.675500
168512   2.955000
168513   6.267000
168514   0.940500
168515   7.020000
168517   2.807000
168518   7.039500
168520   6.258000
168521   6.160500
168522   6.134000
168527   7.124000
168528   6.484500
168531   6.278000
168532   6.127500
168533   7.128000
168538   6.271000
168539   7.039000
168540   6.139500
168541   6.132000
168542   6.280500
168543   7.031000
168545   6.141500
168546   6.151500
168547   6.142000
168549   7.032000
168550   6.307500
168552   7.019500
168553   6.141500
168555   6.704000
