165500   -1.000000
165501   -1.000000
165502   -1.000000
165504   -1.000000
165505   -1.000000
165506   -1.000000
165507   -1.000000
165508   -1.000000
165509   -1.000000
165510   -1.000000
165512   -1.000000
165513   -1.000000
165514   -1.000000
165515   -1.000000
165516   -1.000000
165518   -1.000000
165520   -1.000000
165530   -1.000000
165537   -1.000000
165538   -1.000000
165541   -1.000000
165545   -1.000000
165546   -1.000000
165547   -1.000000
165548   -1.000000
165549   -1.000000
165550   -1.000000
165551   -1.000000
165552   -1.000000
165554   -1.000000
165555   -1.000000
165556   -1.000000
165557   -1.000000
165558   -1.000000
165559   -1.000000
165674   -1.000000
165675   -1.000000
165679   -1.000000
165683   -1.000000
165684   -1.000000
165685   -1.000000
165687   -1.000000
165689   -1.000000
165690   -1.000000
165692   -1.000000
165707   -1.000000
165708   -1.000000
165710   -1.000000
165713   -1.000000
165714   -1.000000
165719   -1.000000
165720   -1.000000
165721   -1.000000
165723   -1.000000
165725   -1.000000
165730   -1.000000
165732   -1.000000
165733   -1.000000
165742   -1.000000
165743   -1.000000
165744   -1.000000
165745   -1.000000
165746   -1.000000
165747   -1.000000
165748   -1.000000
165749   -1.000000
165750   -1.000000
165751   -1.000000
165752   -1.000000
165753   -1.000000
165754   -1.000000
165756   -1.000000
165757   -1.000000
165758   -1.000000
165759   -1.000000
165760   -1.000000
165761   -1.000000
165762   -1.000000
165763   -1.000000
165764   -1.000000
165765   -1.000000
165766   -1.000000
165767   -1.000000
165768   -1.000000
165769   -1.000000
165770   -1.000000
165771   -1.000000
165772   -1.000000
165773   -1.000000
165774   -1.000000
165776   -1.000000
165777   -1.000000
165778   -1.000000
165779   -1.000000
165810   -1.000000
165813   -1.000000
165818   -1.000000
165820   -1.000000
165829   -1.000000
165842   -1.000000
165843   -1.000000
165844   -1.000000
165846   -1.000000
165847   -1.000000
165849   -1.000000
165852   -1.000000
165853   -1.000000
165854   -1.000000
165857   -1.000000
165859   -1.000000
165860   -1.000000
165861   -1.000000
165862   -1.000000
165863   -1.000000
165864   -1.000000
165865   -1.000000
165866   -1.000000
165867   -1.000000
165868   -1.000000
165869   -1.000000
165870   -1.000000
165871   -1.000000
165872   -1.000000
165873   -1.000000
165874   -1.000000
165875   -1.000000
165876   -1.000000
165877   -1.000000
165878   -1.000000
165885   -1.000000
165887   -1.000000
165888   -1.000000
165889   -1.000000
165890   -1.000000
165891   -1.000000
165892   -1.000000
165893   -1.000000
165894   -1.000000
165895   -1.000000
165896   -1.000000
165897   -1.000000
165898   -1.000000
165904   -1.000000
165905   -1.000000
165906   -1.000000
165910   -1.000000
165917   -1.000000
165918   -1.000000
165919   -1.000000
165920   -1.000000
165921   -1.000000
165922   -1.000000
165923   -1.000000
165924   -1.000000
165925   -1.000000
165926   -1.000000
165927   -1.000000
165928   -1.000000
165929   -1.000000
165930   -1.000000
165931   -1.000000
165932   -1.000000
165933   -1.000000
165934   -1.000000
165935   -1.000000
165936   -1.000000
165937   -1.000000
165938   -1.000000
165939   -1.000000
165940   -1.000000
165941   -1.000000
165942   -1.000000
165943   -1.000000
165944   -1.000000
165948   -1.000000
165949   -1.000000
165950   -1.000000
165951   -1.000000
165952   -1.000000
165953   -1.000000
165954   -1.000000
165955   -1.000000
165956   -1.000000
165957   -1.000000
165958   -1.000000
165959   -1.000000
165960   -1.000000
165961   -1.000000
165962   -1.000000
165963   -1.000000
165964   -1.000000
165965   -1.000000
165971   -1.000000
165972   -1.000000
165973   -1.000000
165974   -1.000000
165975   -1.000000
165976   -1.000000
165977   -1.000000
165980   -1.000000
166009   -1.000000
166010   -1.000000
166013   -1.000000
166021   -1.000000
166023   -1.000000
166025   -1.000000
166026   -1.000000
166027   -1.000000
166029   -1.000000
166030   -1.000000
166031   -1.000000
166032   -1.000000
166033   -1.000000
166034   -1.000000
166035   -1.000000
166036   -1.000000
166037   -1.000000
166040   -1.000000
166041   -1.000000
166042   -1.000000
166043   -1.000000
166044   -1.000000
166045   -1.000000
166046   -1.000000
166048   -1.000000
166050   -1.000000
166051   -1.000000
166052   -1.000000
166054   -1.000000
166055   -1.000000
166060   -1.000000
166061   -1.000000
166062   -1.000000
166063   -1.000000
166064   -1.000000
166065   -1.000000
166066   -1.000000
166067   -1.000000
166068   -1.000000
166069   -1.000000
166070   -1.000000
166071   -1.000000
166073   -1.000000
166074   -1.000000
166075   -1.000000
166077   -1.000000
166078   -1.000000
166080   -1.000000
166081   -1.000000
166083   -1.000000
166084   -1.000000
166085   -1.000000
166086   -1.000000
166087   -1.000000
166089   -1.000000
166091   -1.000000
166092   -1.000000
166093   -1.000000
166094   -1.000000
166102   -1.000000
166103   -1.000000
166104   -1.000000
166105   -1.000000
166106   -1.000000
166107   -1.000000
166108   -1.000000
166109   -1.000000
166110   -1.000000
166111   -1.000000
166112   -1.000000
166113   -1.000000
166114   -1.000000
166115   -1.000000
166117   -1.000000
166120   -1.000000
166122   -1.000000
166123   -1.000000
166124   -1.000000
166126   -1.000000
166127   -1.000000
166129   -1.000000
166130   -1.000000
166131   -1.000000
166135   -1.000000
166136   -1.000000
166137   -1.000000
166138   -1.000000
166140   -1.000000
166141   -1.000000
166142   -1.000000
166143   -1.000000
166144   -1.000000
166145   -1.000000
166146   -1.000000
166147   -1.000000
166149   -1.000000
166150   -1.000000
166151   -1.000000
166156   -1.000000
166158   -1.000000
166162   -1.000000
166163   -1.000000
166168   -1.000000
166169   -1.000000
166171   -1.000000
166172   -1.000000
166173   -1.000000
166174   -1.000000
166175   -1.000000
166176   -1.000000
166177   -1.000000
166181   -1.000000
166182   -1.000000
166183   -1.000000
166189   -1.000000
166253   -1.000000
166256   -1.000000
166259   -1.000000
166263   -1.000000
166264   -1.000000
166265   -1.000000
166266   -1.000000
166267   -1.000000
166283   -1.000000
166286   -1.000000
166303   -1.000000
166308   -1.000000
166309   -1.000000
166310   -1.000000
166313   -1.000000
166316   -1.000000
166317   -1.000000
166326   -1.000000
166327   -1.000000
166335   -1.000000
166336   -1.000000
166337   -1.000000
166338   -1.000000
166339   -1.000000
166340   -1.000000
166343   -1.000000
166345   -1.000000
166346   -1.000000
166347   -1.000000
166348   -1.000000
166349   -1.000000
166350   -1.000000
166351   -1.000000
166352   -1.000000
166353   -1.000000
166354   -1.000000
166355   -1.000000
166356   -1.000000
166357   -1.000000
166358   -1.000000
166359   -1.000000
166360   -1.000000
166361   -1.000000
166362   -1.000000
166386   -1.000000
166387   -1.000000
166388   -1.000000
166389   -1.000000
166390   -1.000000
166391   -1.000000
166392   -1.000000
166393   -1.000000
166394   -1.000000
166396   -1.000000
166397   -1.000000
166398   -1.000000
166399   -1.000000
166400   -1.000000
166401   -1.000000
166402   -1.000000
166403   -1.000000
166407   -1.000000
166408   -1.000000
166409   -1.000000
166410   -1.000000
166411   -1.000000
166412   -1.000000
166415   -1.000000
166416   -1.000000
166417   -1.000000
166419   -1.000000
166420   -1.000000
166421   -1.000000
166428   -1.000000
166429   -1.000000
166430   -1.000000
166431   -1.000000
166432   -1.000000
166433   -1.000000
166434   -1.000000
166442   -1.000000
166444   -1.000000
166455   -1.000000
166480   -1.000000
166481   -1.000000
166482   -1.000000
166483   -1.000000
166484   -1.000000
166485   -1.000000
166486   -1.000000
166487   -1.000000
166488   -1.000000
166489   -1.000000
166490   -1.000000
166491   -1.000000
166492   -1.000000
166494   -1.000000
166495   -1.000000
166496   -1.000000
166497   -1.000000
166498   -1.000000
166499   -1.000000
166501   -1.000000
166504   -1.000000
166505   -1.000000
166506   -1.000000
166507   -1.000000
166508   -1.000000
166509   -1.000000
166515   -1.000000
166516   -1.000000
166517   -1.000000
166518   -1.000000
166519   -1.000000
166520   -1.000000
166521   -1.000000
166522   -1.000000
166523   -1.000000
166524   -1.000000
166525   -1.000000
166526   -1.000000
166528   -1.000000
166529   -1.000000
166530   -1.000000
166531   -1.000000
166532   -1.000000
166533   -1.000000
166534   -1.000000
166535   -1.000000
166536   -1.000000
166537   -1.000000
166538   -1.000000
166539   -1.000000
166540   -1.000000
166541   -1.000000
166542   -1.000000
166543   -1.000000
166548   -1.000000
166549   -1.000000
166556   -1.000000
166557   -1.000000
166558   -1.000000
166561   -1.000000
166566   -1.000000
166567   -1.000000
166568   -1.000000
166569   -1.000000
166572   -1.000000
166573   -1.000000
166574   -1.000000
166577   -1.000000
166578   -1.000000
166579   -1.000000
166580   -1.000000
166581   -1.000000
166582   -1.000000
166583   -1.000000
166584   -1.000000
166585   -1.000000
166593   -1.000000
166595   -1.000000
166596   -1.000000
166597   -1.000000
166598   -1.000000
166600   -1.000000
166602   -1.000000
166603   -1.000000
166604   -1.000000
166606   -1.000000
166608   -1.000000
166609   -1.000000
166612   -1.000000
166613   -1.000000
166614   -1.000000
166615   -1.000000
166617   -1.000000
166618   -1.000000
166619   -1.000000
166620   -1.000000
166621   -1.000000
166626   -1.000000
166628   -1.000000
166634   -1.000000
166647   -1.000000
166661   -1.000000
166662   -1.000000
166668   -1.000000
166669   -1.000000
166670   -1.000000
166676   -1.000000
166678   -1.000000
166679   -1.000000
166680   -1.000000
166683   -1.000000
166685   -1.000000
166690   -1.000000
166695   -1.000000
166696   -1.000000
166697   -1.000000
166698   -1.000000
166699   -1.000000
166700   -1.000000
166701   -1.000000
166702   -1.000000
166703   -1.000000
166704   -1.000000
166705   -1.000000
166710   -1.000000
166711   -1.000000
166717   -1.000000
166718   -1.000000
166720   -1.000000
166721   -1.000000
166722   -1.000000
166723   -1.000000
166724   -1.000000
166725   -1.000000
166726   -1.000000
166727   -1.000000
166728   -1.000000
166730   -1.000000
166731   -1.000000
166732   -1.000000
166733   -1.000000
166734   -1.000000
166736   -1.000000
166737   -1.000000
166739   -1.000000
166740   -1.000000
166777   -1.000000
166782   -1.000000
166785   -1.000000
166786   -1.000000
166787   -1.000000
166788   -1.000000
166789   -1.000000
166790   -1.000000
166791   -1.000000
166793   -1.000000
166794   -1.000000
166795   -1.000000
166797   -1.000000
166798   -1.000000
166812   -1.000000
166813   -1.000000
166814   -1.000000
166833   -1.000000
166838   -1.000000
166839   -1.000000
166841   -1.000000
166842   -1.000000
166843   -1.000000
166844   -1.000000
166845   -1.000000
166846   -1.000000
166847   -1.000000
166848   -1.000000
166849   -1.000000
166850   -1.000000
166851   -1.000000
166852   -1.000000
166853   -1.000000
166854   -1.000000
166857   -1.000000
166858   -1.000000
166868   -1.000000
166883   -1.000000
166889   -1.000000
166899   -1.000000
166900   -1.000000
166901   -1.000000
166902   -1.000000
166903   -1.000000
166904   -1.000000
166905   -1.000000
166906   -1.000000
166907   -1.000000
166908   -1.000000
166909   -1.000000
166911   -1.000000
166912   -1.000000
166916   -1.000000
166917   -1.000000
166920   -1.000000
166921   -1.000000
166922   -1.000000
166923   -1.000000
166946   -1.000000
166947   -1.000000
166948   -1.000000
166949   -1.000000
166951   -1.000000
167060   -1.000000
167061   -1.000000
167062   -1.000000
167064   -1.000000
167069   -1.000000
167070   -1.000000
167071   -1.000000
167072   -1.000000
167073   -1.000000
167074   -1.000000
167075   -1.000000
167076   -1.000000
167077   -1.000000
167078   -1.000000
167079   -1.000000
167080   -1.000000
167081   -1.000000
167082   -1.000000
167083   -1.000000
167084   -1.000000
167087   -1.000000
167088   -1.000000
167089   -1.000000
167090   -1.000000
167091   -1.000000
167092   -1.000000
167093   -1.000000
167095   -1.000000
167097   -1.000000
167104   -1.000000
167109   -1.000000
167110   -1.000000
167111   -1.000000
167112   -1.000000
167113   -1.000000
167114   -1.000000
167115   -1.000000
167116   -1.000000
167117   -1.000000
167119   -1.000000
167120   -1.000000
167129   -1.000000
167130   -1.000000
167131   -1.000000
167132   -1.000000
167134   -1.000000
167135   -1.000000
167136   -1.000000
167138   -1.000000
167139   -1.000000
167140   -1.000000
167141   -1.000000
167142   -1.000000
167143   -1.000000
167144   -1.000000
167145   -1.000000
167147   -1.000000
167148   -1.000000
167149   -1.000000
167151   -1.000000
167152   -1.000000
167153   -1.000000
167160   -1.000000
167161   -1.000000
167162   -1.000000
167164   -1.000000
167165   -1.000000
167166   -1.000000
167167   -1.000000
167168   -1.000000
167169   -1.000000
167170   -1.000000
167171   -1.000000
167172   -1.000000
167173   -1.000000
167174   -1.000000
167175   -1.000000
167176   -1.000000
167177   -1.000000
167179   -1.000000
167180   -1.000000
167181   -1.000000
167182   -1.000000
167183   -1.000000
167184   -1.000000
167185   -1.000000
167190   -1.000000
167191   -1.000000
167192   -1.000000
167193   -1.000000
167194   -1.000000
167195   -1.000000
167196   -1.000000
167197   -1.000000
167198   -1.000000
167199   -1.000000
167200   -1.000000
167201   -1.000000
167202   -1.000000
167203   -1.000000
167204   -1.000000
167205   -1.000000
167206   -1.000000
167207   -1.000000
167208   -1.000000
167209   -1.000000
167210   -1.000000
167211   -1.000000
167212   -1.000000
167213   -1.000000
167214   -1.000000
167215   -1.000000
167216   -1.000000
167217   -1.000000
167218   -1.000000
167219   -1.000000
167220   -1.000000
167223   -1.000000
167225   -1.000000
167226   -1.000000
167227   -1.000000
167228   -1.000000
167229   -1.000000
167230   -1.000000
167231   -1.000000
167232   -1.000000
167233   -1.000000
167234   -1.000000
167235   -1.000000
167236   -1.000000
167237   -1.000000
167238   -1.000000
167239   -1.000000
167240   -1.000000
167241   -1.000000
167242   -1.000000
167243   -1.000000
167244   -1.000000
167246   -1.000000
167247   -1.000000
167251   -1.000000
167252   -1.000000
167253   -1.000000
167254   -1.000000
167255   -1.000000
167256   -1.000000
167257   -1.000000
167258   -1.000000
167259   -1.000000
167260   -1.000000
167261   -1.000000
167262   -1.000000
167263   -1.000000
167264   -1.000000
167265   -1.000000
167266   -1.000000
167267   -1.000000
167268   -1.000000
167270   -1.000000
167271   -1.000000
167272   -1.000000
167273   -1.000000
167274   -1.000000
167275   -1.000000
167276   -1.000000
167277   -1.000000
167279   -1.000000
167280   -1.000000
167281   -1.000000
167284   -1.000000
167285   -1.000000
167286   -1.000000
167287   -1.000000
167291   -1.000000
167292   -1.000000
167293   -1.000000
167294   -1.000000
167295   -1.000000
167296   -1.000000
167297   -1.000000
167298   -1.000000
167299   -1.000000
167300   -1.000000
167301   -1.000000
167302   -1.000000
167303   -1.000000
167305   -1.000000
167306   -1.000000
167307   -1.000000
167308   -1.000000
167309   -1.000000
167310   -1.000000
167311   -1.000000
167313   -1.000000
167314   -1.000000
167315   -1.000000
167317   -1.000000
167318   -1.000000
167319   -1.000000
167320   -1.000000
167321   -1.000000
167322   -1.000000
167328   -1.000000
167329   -1.000000
167330   -1.000000
167331   -1.000000
167332   -1.000000
167348   -1.000000
167349   -1.000000
167350   -1.000000
167351   -1.000000
167353   -1.000000
167354   -1.000000
167355   -1.000000
167356   -1.000000
167357   -1.000000
167358   -1.000000
167364   -1.000000
167365   -1.000000
167366   -1.000000
167367   -1.000000
167368   -1.000000
167369   -1.000000
167370   -1.000000
167371   -1.000000
167372   -1.000000
167373   -1.000000
167374   -1.000000
167375   -1.000000
167376   -1.000000
167377   -1.000000
167378   -1.000000
167379   -1.000000
167380   -1.000000
167381   -1.000000
167382   -1.000000
167383   -1.000000
167384   -1.000000
167385   -1.000000
167386   -1.000000
167387   -1.000000
167388   -1.000000
167389   -1.000000
167390   -1.000000
167391   -1.000000
167392   -1.000000
167393   -1.000000
167399   -1.000000
167400   -1.000000
167401   -1.000000
167402   -1.000000
167403   -1.000000
167404   -1.000000
167405   -1.000000
167406   -1.000000
167408   -1.000000
167409   -1.000000
167410   -1.000000
167411   -1.000000
167412   -1.000000
167413   -1.000000
167414   -1.000000
167416   -1.000000
167417   -1.000000
167418   -1.000000
167419   -1.000000
167420   -1.000000
167421   -1.000000
167422   -1.000000
167423   -1.000000
167424   -1.000000
167425   -1.000000
167430   -1.000000
167431   -1.000000
167432   -1.000000
167433   -1.000000
167434   -1.000000
167435   -1.000000
167437   -1.000000
167439   -1.000000
167440   -1.000000
167441   -1.000000
167443   -1.000000
167444   -1.000000
167449   -1.000000
167451   -1.000000
167453   -1.000000
167455   -1.000000
167457   -1.000000
167460   -1.000000
167463   -1.000000
167473   -1.000000
167474   -1.000000
167475   -1.000000
167481   -1.000000
167482   -1.000000
167483   -1.000000
167484   -1.000000
167485   -1.000000
167486   -1.000000
167489   -1.000000
167490   -1.000000
167491   -1.000000
167493   -1.000000
167495   -1.000000
167499   -1.000000
167502   -1.000000
167504   -1.000000
167506   -1.000000
167515   -1.000000
167516   -1.000000
167517   -1.000000
167518   -1.000000
167519   -1.000000
167520   -1.000000
167521   -1.000000
167522   -1.000000
167523   -1.000000
167524   -1.000000
167525   -1.000000
167526   -1.000000
167527   -1.000000
167528   -1.000000
167529   -1.000000
167530   -1.000000
167531   -1.000000
167532   -1.000000
167533   -1.000000
167534   -1.000000
167535   -1.000000
167536   -1.000000
167537   -1.000000
167538   -1.000000
167539   -1.000000
167540   -1.000000
167541   -1.000000
167542   -1.000000
167547   -1.000000
167548   -1.000000
167549   -1.000000
167551   -1.000000
167552   -1.000000
167553   -1.000000
167554   -1.000000
167555   -1.000000
167563   -1.000000
167567   -1.000000
167568   -1.000000
167569   -1.000000
167570   -1.000000
167571   -1.000000
167572   -1.000000
167574   -1.000000
167575   -1.000000
167576   -1.000000
167577   -1.000000
167578   -1.000000
167579   -1.000000
167580   -1.000000
167589   -1.000000
167600   -1.000000
167601   -1.000000
167602   -1.000000
167603   -1.000000
167605   -1.000000
167606   -1.000000
167607   -1.000000
167608   -1.000000
167618   -1.000000
168439   -1.000000
168440   -1.000000
168441   -1.000000
168444   -1.000000
168450   -1.000000
168451   -1.000000
168484   -1.000000
168487   -1.000000
168488   -1.000000
168490   -1.000000
168491   -1.000000
168500   -1.000000
168504   -1.000000
168516   -1.000000
168519   -1.000000
168529   -1.000000
168530   -1.000000
168534   -1.000000
168536   -1.000000
168537   -1.000000
168544   -1.000000
168548   -1.000000
168551   -1.000000
168554   -1.000000
