159982 4.925000
159985 6.490500
159988 5.084500
159989 5.949500
159990 5.601000
159991 5.615000
159992 5.654000
159993 5.597500
159994 5.593000
159995 5.607500
159996 5.143500
159997 5.594500
159998 5.596000
159999 5.589000
160000 5.608000
160001 5.603500
160002 5.604000
160006 5.652500
160007 5.620000
160008 5.619000
160012 5.967000
160013 3.433500
160014 4.886500
160015 5.815500
160016 3.417000
160017 5.464000
160018 3.787000
160019 3.358000
160020 5.018000
160021 5.875000
160022 5.419000
160023 3.127000
160024 3.947500
160025 3.286500
160026 3.726000
160027 4.306500
160028 4.054500
160029 4.149500
160030 4.340500
160031 4.841000
160032 4.951500
160033 5.648500
160034 4.501500
160035 5.030000
160036 5.372000
160037 4.957000
160038 4.891500
160039 2.212000
160041 3.443500
160042 4.429000
160043 4.488000
160044 1.957000
160045 4.352500
160046 1.601000
160047 4.820000
160054 5.694000
160055 7.008500
160056 2.836500
160057 4.157000
160058 5.081000
160059 4.572500
160060 5.040500
160061 4.948000
160062 4.580500
160063 4.408000
160064 4.207500
160065 nan
160066 3.768000
160067 3.884000
160068 4.646000
160069 4.642500
160070 4.585000
160071 1.145500
160072 4.667500
160073 4.698000
160074 4.716500
160075 4.385000
160076 3.944000
160077 4.431500
160078 4.577500
160079 4.710000
160080 4.184500
160081 4.485500
160082 4.934000
160083 4.495000
160084 4.219500
160085 1.714500
160086 3.916000
160087 4.167000
160092 7.361000
160093 7.040500
160094 3.652000
160095 4.057000
160096 7.032000
160097 7.454000
160098 4.473000
160099 7.462500
160100 5.410000
160101 nan
160102 7.473000
160103 7.401500
160104 7.475500
160105 5.137500
160106 2.733000
160107 5.581500
160108 2.831500
160109 3.457000
160110 3.482000
160111 3.199000
160112 4.958500
160113 3.618000
160114 4.681500
160115 3.839000
160116 4.269000
160117 6.302000
160118 2.985000
160119 3.405000
160120 3.531000
160121 3.155000
160122 3.566500
160123 7.407500
160124 3.860000
160125 3.648500
160126 3.365000
160127 5.807000
160128 5.493000
160129 2.382000
160130 6.178500
160136 7.363500
160137 6.206500
160138 5.153000
160139 4.882500
160140 2.960000
160141 3.248000
160142 2.080500
160143 2.493500
160144 2.051000
160145 4.234000
160146 2.973500
160147 7.398500
160148 4.700000
160149 5.118500
160150 2.867000
160151 7.027000
160152 6.523500
160153 5.022500
160154 5.344500
160155 4.141000
160156 4.180500
160157 4.143000
160158 4.455000
160159 3.998500
160160 3.733000
160161 4.111000
160162 4.327000
160163 6.308000
160164 3.736500
160165 3.175500
160166 4.481500
160167 3.872000
160168 6.086000
160169 4.404500
160170 4.805500
160171 5.130500
160172 3.701500
160173 5.489000
160175 0.667500
160176 0.604000
160177 4.626500
160178 5.766000
160179 6.241000
160180 5.554500
160181 4.108000
160185 7.342000
160186 4.097500
160187 4.586500
160189 4.861500
160190 4.337500
160191 4.269000
160192 4.435000
160193 4.060000
160194 3.301000
160195 2.853500
160196 3.357500
160197 4.234000
160198 4.535500
160199 4.068000
160200 3.970500
160201 3.914500
160202 3.645500
160203 3.861000
160204 4.118500
160205 3.816500
160207 3.487500
160208 4.187000
160209 4.218500
160210 3.904500
160211 3.007500
160212 3.008000
160213 3.008000
160214 3.703500
160215 3.536000
160216 3.802000
160217 3.873000
160218 4.219000
160219 3.771000
160220 4.424500
160221 3.360000
160222 4.045000
160223 4.090500
160224 2.508000
160225 7.025500
160226 3.754000
160237 7.296000
160238 6.310500
160239 6.356000
160240 6.295500
160241 6.312000
160242 6.352000
160243 6.341000
160244 6.356000
160245 6.359000
160246 6.356000
160247 6.328500
160248 6.316000
160249 6.388000
160250 6.402000
160251 6.394500
160252 6.391000
160253 6.395000
160254 6.413000
160255 6.405500
160256 6.390500
160257 6.405500
160258 6.405500
160259 6.402000
160260 6.393500
160261 1.565000
160262 nan
160263 1.831000
160264 1.764500
160265 1.758500
160266 1.405500
160268 6.402000
160269 6.379000
160270 6.399500
160271 6.399000
160281 7.291000
160282 6.392000
160283 6.421000
160284 5.412000
160285 6.322500
160286 6.324500
160287 6.324000
160288 5.854000
160289 4.866500
160290 6.159500
160291 5.755000
160293 2.123000
160294 4.661000
160295 2.495500
160296 5.439500
160297 5.497500
160298 5.519500
160299 5.240000
160300 5.396500
160301 5.433000
160302 4.188000
160303 6.019000
160304 6.209000
160305 4.422500
160306 nan
160307 5.027000
160308 nan
160311 5.720000
160312 6.802000
160313 5.496000
160314 6.160000
160320 3.856000
160321 4.606000
160322 5.222000
160323 5.207000
160324 5.301000
160325 4.425500
160326 4.739000
160327 4.286000
160329 6.825500
160330 6.968000
160331 7.009000
160332 7.009500
160333 7.009500
160334 7.006500
160335 7.011000
160336 6.998500
160337 3.954500
160338 2.821500
160339 6.554000
160340 7.008500
160341 6.855000
160352 3.633000
160353 5.508000
160354 6.596500
160356 6.680500
160357 7.013000
160358 6.452500
160359 6.017500
160360 5.973500
160361 3.092000
160362 6.666500
160363 5.882000
160364 3.106000
160365 6.621000
160366 3.125500
160367 6.355000
160368 6.018000
160369 6.575500
160371 6.012500
160372 6.010000
160373 5.574000
160375 5.101000
160376 4.607500
160377 4.606500
160378 0.815000
160379 4.613500
160380 4.601500
160381 4.605000
160382 4.595000
160395 7.379000
160396 7.014500
160397 7.015500
160398 7.011500
160399 7.026000
160400 7.030500
160401 7.012000
160402 6.612500
160403 6.399500
160404 7.017500
160405 7.014500
160406 6.237000
160407 6.144500
160408 nan
160409 6.211500
160410 nan
160411 6.116500
160412 6.504000
160413 6.158500
160414 6.746500
160415 6.109000
160416 6.368000
160417 6.258500
160418 6.295500
160419 6.184500
160420 6.187000
160421 7.015500
160422 6.143500
160423 nan
160440 5.248500
160441 5.900500
160442 5.909500
160443 5.907500
160444 5.890500
160445 nan
160446 5.912500
160447 5.919000
160448 4.916500
160449 5.914000
160450 5.915500
160451 5.911000
160452 5.908500
160453 5.882000
160454 5.868500
160455 5.853000
160456 5.859000
160457 5.854000
160458 5.863500
160459 5.719500
160460 5.792000
160461 5.713500
160462 5.558000
160463 5.823500
160464 5.906000
160466 5.936500
160467 5.932000
160468 5.929500
160469 5.898500
160470 5.889500
160471 5.881000
160472 5.841500
160473 5.843500
160474 5.828000
160475 5.056000
160476 5.919500
160477 5.894000
160478 5.880000
160483 7.346500
160484 5.079000
160485 6.372500
160486 6.420000
160487 6.740500
160488 6.905500
160489 6.817500
160490 7.012000
160491 7.022500
160492 7.008000
160493 7.022500
160494 6.055000
160495 5.921500
160496 5.840000
160497 7.021500
160499 7.017000
160500 7.005500
160501 3.232500
160502 7.040500
160503 7.026000
160504 7.016500
160505 7.018000
160506 5.974500
160507 5.831000
160508 7.024000
160509 6.047000
160510 7.011500
160511 6.040000
160512 6.042500
160517 7.330500
160519 5.090500
160520 6.735500
160521 6.731000
160522 6.708000
160523 6.703500
160524 6.700000
160525 6.687500
160526 6.668000
160527 6.665000
160528 6.650500
160529 6.647500
160530 5.735000
160531 5.862000
160532 5.497000
160534 nan
160535 1.313000
160536 5.310500
160537 5.371500
160538 nan
160539 2.917500
160540 5.311000
160541 5.339500
160542 4.884500
160543 5.439500
160544 4.296500
160545 6.796000
160546 6.864500
160552 6.999000
160553 6.125000
160554 6.012500
160555 6.001500
160556 5.962000
160557 5.957000
160558 5.508500
160559 5.447500
160560 5.317000
160561 5.135000
160562 5.968500
160563 5.994000
160564 5.973500
160565 5.952500
160566 nan
160567 5.945000
160568 5.978000
160569 5.990000
160570 6.127000
160571 5.976000
160572 5.936000
160573 5.907000
160574 5.880000
160575 5.706000
160576 5.677500
160578 5.939500
160579 5.903000
160580 5.866000
160581 5.874000
160583 6.926000
160584 6.927500
160585 6.919000
160586 6.749500
160587 6.265000
160588 6.341500
160589 6.950000
160590 7.908000
160591 6.874000
160592 6.506000
160593 nan
160594 6.077000
160599 7.341500
160600 5.574500
160602 7.482500
160603 3.030000
160604 3.018500
160605 3.189500
160606 3.008000
160607 3.006000
160608 3.003000
160609 3.002000
160610 3.014000
160613 3.003000
160614 3.001500
160615 3.003500
160616 3.002500
160618 3.003000
160619 3.002000
160620 3.002500
160621 3.008500
160622 3.010500
160624 3.004000
160625 3.004000
160626 3.002500
160627 3.004500
160631 7.336000
160632 6.356000
160633 7.000500
160634 7.004500
160635 6.271000
160636 5.854000
160637 5.835500
160639 5.838000
160640 6.581000
160641 5.869000
160642 5.881000
160643 5.871000
160644 5.835500
160645 7.004000
160646 6.419000
160647 6.162000
160648 5.813000
160649 5.816500
160650 5.833000
160651 5.785500
160652 6.212500
160653 5.860500
160654 6.088500
160655 6.074000
160656 5.932500
160657 6.320500
160658 6.051000
160659 6.091000
160660 6.154000
160664 6.858000
160665 5.336500
160666 5.877000
160667 6.939500
160668 7.025000
160669 6.974500
160670 6.984000
160671 7.017000
160672 6.976000
160673 6.963500
160674 6.976000
160675 6.960000
160676 4.831500
160677 6.964000
160678 7.025500
160679 7.021000
160680 5.942500
160681 5.998000
160682 7.012000
160683 7.013000
160684 7.009500
160685 7.011000
160686 5.990000
160687 5.848000
160688 6.982500
160689 7.010000
160690 7.009000
160691 7.019000
160692 5.862000
160693 5.950500
160694 5.937000
160695 6.037500
160699 5.096500
160700 1.209000
160701 5.893000
160702 5.687000
160703 6.927500
160704 7.017500
160705 6.002500
160706 nan
160707 6.012000
160708 nan
160709 5.168500
160710 nan
160711 6.012000
160712 6.883000
160713 7.023000
160714 7.014000
160715 7.023500
160716 6.870000
160717 7.011500
160718 7.012500
160719 7.009500
160720 6.115000
160721 7.008500
160722 5.724000
160775 6.072000
160776 5.647500
160777 5.640500
160778 5.481500
160779 5.488000
160780 5.474000
160781 5.464000
160782 5.497500
160783 5.503000
160784 5.694500
160785 5.673000
160786 5.678000
160787 5.664000
160788 5.713500
160789 5.782500
160790 5.802500
160791 5.636500
160792 5.619500
160793 5.647000
160794 5.622500
160795 5.640500
160796 5.820000
160797 5.607500
160798 5.647000
160799 5.695500
160800 5.607000
160801 5.599000
160802 5.628500
160810 7.359000
160811 6.085000
160812 6.080000
160813 6.101000
160814 6.061500
160815 6.093000
160816 3.414500
160817 7.015500
160818 2.879000
160819 nan
160820 5.336000
160821 4.843500
160822 5.762000
160824 5.587000
160825 5.574000
160826 5.767500
160827 3.783500
160828 0.694000
160829 6.033500
160830 4.283000
160831 4.554500
160832 5.916000
160833 3.081000
160834 5.766500
160835 5.957000
160836 6.036000
160837 6.044500
160839 3.824500
160840 7.076500
160841 6.802500
160842 6.806500
160843 6.795500
160844 6.799500
160845 6.842000
160849 7.304000
160850 7.488000
160851 6.282000
160853 5.824000
160854 7.472000
160855 4.295500
160857 2.023500
160858 4.817500
160859 1.998500
160860 6.157000
160861 6.240500
160863 6.292500
160864 6.214500
160865 6.384000
160866 6.100500
160867 nan
160868 6.063500
160869 6.375000
160870 6.178000
160871 6.077500
160872 6.225000
160873 6.046500
160874 6.004500
160875 6.251000
160876 6.252500
160877 6.104500
160878 4.562000
160879 5.880000
160880 6.119500
160881 5.997500
160882 4.163000
160883 4.137500
160884 6.654500
160885 4.512500
160889 1.591000
160890 6.727000
160891 5.181500
160892 4.296000
160893 6.144500
160894 6.554500
160895 6.183000
160896 6.161000
160898 3.395500
160899 5.687500
160900 7.920000
160901 7.406500
160902 7.450000
160903 7.427000
160904 7.462000
160905 4.699500
160906 7.458500
160907 7.413000
160908 7.467500
160909 3.577500
160910 7.464000
160911 7.412000
160912 7.470500
160913 7.433000
160914 7.493500
160915 7.401500
160916 5.413000
160917 7.471000
160918 7.444500
160919 7.471000
160920 7.471000
160921 7.433000
160922 1.856500
160938 0.358500
160939 6.932000
160942 6.912500
160943 nan
160944 7.021000
160945 6.963000
160946 6.447500
160947 7.022500
160948 7.023000
160949 7.022500
160950 7.024000
160951 7.024000
160960 7.308500
160964 nan
160965 7.016500
160966 nan
160968 7.047500
160969 7.092500
160970 nan
160971 nan
160972 7.025000
160973 7.026000
160974 7.025500
160978 1.402000
160979 4.806000
160980 5.856500
160981 5.929000
160985 7.019500
160986 7.015500
160987 6.796500
160988 7.016500
160993 7.333000
160994 5.924500
160995 5.936000
160996 5.959000
160997 5.967000
160998 5.039500
160999 5.903000
161000 5.514500
161001 4.871000
161002 5.931000
161003 5.959500
161004 5.948000
161005 5.928000
161006 5.917000
161007 5.933500
161008 5.923500
161009 5.918500
161010 5.074500
161011 5.912500
161012 5.904000
161013 5.765000
161014 4.747500
161015 5.693000
161016 6.729000
161017 6.721000
161018 7.006000
161019 7.004500
161025 7.331000
161026 4.217000
161027 5.810500
161028 6.004000
161029 2.742500
161030 6.048500
161031 2.591500
161032 5.691000
161033 6.036000
161034 6.056500
161035 6.006000
161036 5.724000
161037 5.712000
161038 nan
161039 nan
161040 5.247000
161041 5.548500
161042 5.070000
161043 5.622500
161044 5.602000
161045 0.944000
161046 0.661000
161047 1.940000
161048 1.454500
161049 5.847500
161050 5.853000
161051 5.867500
161052 2.132000
161053 5.566500
161054 5.839000
161055 nan
161056 5.902000
161057 5.893000
161058 5.873500
161063 7.337000
161064 5.926500
161065 5.877500
161066 6.882000
161067 6.913000
161068 7.549000
161069 7.550000
161070 7.545000
161071 7.522500
161072 7.543500
161073 7.543000
161074 7.544000
161075 7.543000
161076 7.544000
161077 7.546000
161078 4.808000
161080 6.969000
161081 nan
161082 4.503500
161083 6.407500
161084 6.250000
161085 6.030000
161086 nan
161087 6.578500
161088 nan
161089 6.859500
161090 6.835500
161091 nan
161092 6.820000
161093 nan
161094 6.718000
161095 6.573500
161096 6.636500
161101 7.362000
161102 4.812500
161103 5.035500
161104 4.858000
161105 4.975000
161106 4.903500
161107 4.921500
161108 4.933000
161109 4.902500
161110 4.881500
161111 4.942500
161112 7.412000
161113 7.413500
161115 4.945000
161116 4.711500
161117 5.718500
161118 5.826500
161119 4.708500
161120 0.610500
161121 5.876500
161122 4.718500
161124 nan
161125 2.163000
161126 1.690500
161127 nan
161128 2.301500
161129 5.248000
161130 1.075000
161131 0.837000
161135 7.337000
161136 5.916500
161137 5.959000
161138 5.950000
161139 5.882000
161140 5.898000
161141 5.939500
161142 5.949000
161143 5.937500
161144 5.922500
161145 5.913500
161146 5.924500
161147 5.935500
161148 5.932000
161149 5.870000
161150 5.909000
161151 5.924500
161152 5.941500
161153 5.941500
161154 5.924000
161155 5.887000
161156 5.872500
161157 5.937500
161158 6.648000
161159 6.635500
161160 6.630000
161162 6.598500
161163 6.739500
161164 6.611500
161165 nan
161166 6.744500
161167 6.725500
161168 7.012500
161169 6.118500
161170 7.007500
161171 6.605000
161172 5.909500
161173 5.913500
161174 5.882500
161179 2.000500
161180 1.022000
161181 1.046500
161182 0.990000
161183 0.931000
161184 0.936000
161185 0.979500
161186 1.028500
161188 nan
161189 0.932000
161190 1.133000
161191 1.235000
161192 0.699500
161193 0.661000
161194 0.929500
161195 0.962000
161196 6.875500
161197 6.780000
161198 6.774000
161199 6.751000
161200 6.156500
161201 6.198500
161202 6.777000
161203 5.247000
161204 5.512000
161205 5.516000
161206 5.508000
161207 6.381000
161212 6.885500
161213 6.850500
161214 6.871000
161215 7.271000
161216 7.421500
161217 6.944500
161218 7.470000
161219 7.239500
161220 7.323000
161221 7.248000
161222 7.349000
161223 7.458500
161224 6.420500
161225 6.148500
161226 4.413500
161227 4.080500
161228 5.079500
161229 6.554000
161230 6.554500
161231 6.359000
161232 6.340500
161233 7.377000
161234 5.819000
161235 6.733000
161236 6.748000
161237 4.143000
161238 5.113500
161239 6.730000
161240 2.413000
161241 3.315500
161242 2.478000
161243 3.917500
161244 3.427000
161245 2.795500
161246 3.651500
161247 2.226000
161252 5.974000
161253 7.006000
161254 7.009000
161255 7.009000
161256 7.008500
161257 7.008000
161258 7.009000
161259 7.009000
161260 6.576000
161261 7.009500
161262 7.008500
161263 7.009000
161264 6.440000
161265 7.006000
161266 6.845500
161273 5.682000
161274 4.698500
161275 5.655500
161276 5.659000
161277 4.980000
161278 1.607000
161279 2.090000
161280 4.068000
161281 1.859000
161282 1.799500
161283 5.368500
161284 4.962000
161285 5.297500
161286 5.139000
161288 3.337000
161289 3.688000
161290 2.978500
161291 5.666000
161292 3.598000
161293 3.786500
161294 5.305500
161295 4.738000
161296 3.662500
161297 4.338000
161298 4.938500
161299 4.777500
161300 3.896000
161301 3.228500
161302 3.313000
161303 0.729000
161306 5.715500
161307 5.728500
161308 4.932500
161309 5.726500
161310 6.524000
161314 nan
161315 3.921000
161316 1.721000
161318 2.182000
161319 6.270000
161320 6.269000
161321 6.062500
161322 6.239500
161323 3.725000
161324 5.031000
161325 4.674500
161326 4.463500
161328 3.181000
161329 5.575000
161330 2.547000
161332 2.556000
161334 1.437000
161336 5.453500
161337 3.320000
161338 2.999000
161339 1.659000
161340 1.697000
161341 2.127000
161346 5.756500
161347 5.757000
161348 5.744500
161349 5.749500
161350 5.749000
161351 5.811000
161352 5.863000
161353 6.047500
161354 6.010500
161355 5.052500
161356 5.897000
161357 5.935000
161359 5.786500
161361 5.618000
161362 2.472500
161363 0.983500
161364 6.064500
161365 2.046000
161366 nan
161367 3.104000
161368 2.161000
161369 1.507000
161370 3.520000
161371 3.179000
161372 3.053500
161373 2.992500
161374 3.008000
161375 2.589000
161376 5.647000
161381 6.727500
161382 7.020000
161383 7.062000
161384 7.040000
161385 7.047000
161386 7.023000
161388 7.015500
161389 7.018000
161390 6.918500
161391 6.891000
161392 6.926000
161393 7.025500
161394 7.013500
161396 4.148000
161397 7.020500
161398 7.030500
161399 7.028000
161400 7.011000
161401 6.946500
161402 7.014000
161403 7.035000
161404 7.029000
161405 6.982000
161406 7.027000
161407 7.029500
161408 7.015000
161409 6.945500
161410 7.025500
161411 7.026500
161412 7.015000
161413 7.032000
161414 7.010000
161415 7.023500
161416 7.016000
161417 7.027500
161418 7.019500
161419 2.644500
161427 4.763000
161428 3.573500
161429 3.698500
161430 3.593500
161431 3.815500
161432 3.131000
161433 4.107000
161434 4.121000
161435 3.818500
161436 5.140000
161437 7.419500
161438 7.447000
161439 4.243000
161440 5.092000
161441 4.381500
161442 3.878500
161443 3.723000
161444 4.759000
161445 4.217500
161446 4.854000
161447 4.627000
161448 7.493000
161449 4.294500
161450 3.458500
161451 3.712000
161452 3.399000
161453 3.642000
161454 7.446000
161455 7.414000
161456 7.534500
161457 3.574000
161458 4.647500
161459 4.546500
161460 4.594000
161461 6.871000
161467 6.288500
161468 6.112500
161469 6.116000
161470 6.505500
161471 6.501000
161472 6.504000
161473 6.448500
161474 6.502500
161475 6.505500
161476 6.503000
161477 6.456000
161478 6.415000
161479 6.503500
161480 nan
161481 6.503500
161482 6.505000
161483 6.502000
161484 6.502500
161485 6.231000
161490 7.322500
161491 6.381500
161492 6.480000
161493 6.501500
161494 6.504500
161495 6.468000
161496 6.084500
161497 6.088000
161498 6.436000
161499 6.025000
161500 6.066500
161501 6.492500
161502 6.500500
161503 6.499500
161505 6.523500
161506 6.035000
161507 6.735500
161508 6.985000
161509 7.010000
161510 7.007000
161511 7.022000
161512 7.020500
161513 7.019500
161514 7.018500
161515 6.986500
161516 7.020500
161517 7.018500
161518 6.986500
161519 7.018000
161520 7.022500
161521 7.019500
161522 7.018500
161524 5.618500
161525 5.672000
161526 5.654000
161527 5.673000
161528 5.671000
161529 5.669500
161530 5.656000
161534 7.321000
161535 6.912500
161536 6.853000
161537 6.836500
161538 6.940500
161539 6.898000
161540 6.885500
161541 6.890500
161542 6.184500
161543 6.186500
161544 6.653500
161545 6.856000
161546 6.905000
161547 6.680500
161548 6.883000
161549 6.742500
161550 6.782500
161552 5.670500
161553 5.663000
161554 5.659000
161555 5.654000
161556 5.665000
161557 5.673000
161558 6.879500
161559 6.901000
161560 6.908000
161561 6.899500
161562 nan
161563 4.325500
161564 6.927000
161565 6.894500
161567 6.905500
161569 3.461500
161570 3.374500
161571 2.591500
161572 2.345000
161573 2.745500
161574 2.368500
161575 3.287000
161582 7.309500
161583 7.029000
161584 7.019000
161585 5.251000
161586 7.030500
161587 6.475500
161588 7.057000
161589 4.461500
161590 nan
161591 nan
161592 nan
161593 nan
161594 3.114500
161595 7.021000
161596 7.024000
161597 7.062000
161598 7.017000
161599 nan
161600 nan
161601 7.095000
161602 7.018500
161603 7.026500
161604 nan
161605 nan
161606 3.424000
161607 6.426000
161608 7.053000
161609 7.046000
161610 nan
161611 nan
161612 6.632000
161613 6.634000
161614 6.192000
161615 7.019500
161616 5.221500
161617 4.950500
161623 5.991000
161624 5.990000
161625 6.000000
161626 5.981000
161627 nan
161628 5.986500
161629 nan
161630 5.996000
161631 5.999000
161632 0.541000
161633 5.990000
161634 3.046500
161635 nan
161636 5.994000
161637 5.999500
161638 nan
161639 5.986500
161640 5.980500
161641 5.988000
161642 5.985500
161643 5.981500
161644 5.983000
161645 5.984500
161646 5.983500
161647 5.981500
161648 5.975000
161649 5.975500
161650 5.982500
162163 3.801500
162164 5.307500
162165 5.514500
162166 6.213500
162167 7.125500
162168 7.125000
162169 7.149000
162170 6.879000
162171 6.880500
162172 6.816500
162174 nan
162175 nan
162176 6.880000
162177 6.871000
162178 6.829500
162180 nan
162181 7.133500
162182 6.888000
162207 6.841000
162208 6.913000
162209 6.925000
162210 6.442500
162211 1.808000
162212 7.014000
162213 7.017000
162214 7.018000
162215 7.014500
162216 7.017000
162217 7.012500
162218 6.832500
162219 7.015500
162220 7.017500
162223 4.337000
162237 6.963000
162238 6.969000
162239 5.965500
162240 6.964000
162241 6.963000
162242 6.962500
162243 6.970000
162244 6.973000
162245 6.979500
162246 7.022500
162247 7.023000
162248 6.962000
162249 nan
162250 6.967000
162251 6.969000
162252 6.962000
162253 6.961000
162254 6.966000
162255 6.963000
162256 7.022500
162257 7.024000
162258 7.023000
162259 5.902500
162260 7.027500
162261 7.022000
162262 7.028500
162263 7.030500
162264 7.033500
162270 7.015000
162271 3.700500
162272 5.874500
162273 4.911500
162274 2.488000
162275 3.554000
162276 0.455500
162277 2.719500
162278 6.784000
162279 6.789000
162280 6.789500
162286 5.507500
162288 5.656500
162289 0.495000
162290 4.036000
162295 6.186000
162298 6.880500
162299 6.882000
162302 6.911500
162303 6.911500
162304 0.395500
162305 6.909500
162306 6.946000
162307 6.935500
162310 2.125500
162311 4.884500
162312 6.003000
162313 6.000000
162314 5.998500
162315 3.624000
162316 7.015000
162317 7.016000
162318 7.034500
162319 7.054000
162320 7.021500
162332 7.077500
162334 6.820000
162335 7.307500
162336 7.285000
162337 7.320000
162340 4.305000
162341 7.212000
162342 4.360500
162344 7.336500
162345 5.813000
162346 5.910000
162347 0.421500
162348 6.004000
162349 6.000500
162350 nan
162398 6.829000
162399 6.956500
162400 6.971000
162401 2.813500
162402 6.972000
162403 7.021000
162404 6.981000
162405 6.976500
162406 6.984000
162407 6.976500
162408 7.023500
162409 6.950500
162410 6.968500
162411 6.991000
162412 nan
162413 nan
162414 nan
162415 6.007000
162416 nan
162438 7.063500
162439 7.008500
162440 7.053500
162441 6.063000
162453 6.971500
162454 6.968000
162456 4.225500
162457 0.940500
162458 4.903000
162459 5.246500
162460 4.873000
162461 3.839500
162462 1.453000
162463 4.714000
162465 5.054500
162466 5.170000
162467 5.349000
162468 5.310000
162469 5.179500
162470 5.246000
162482 7.078000
162500 6.962500
162501 6.962500
162502 6.962000
162503 6.951500
162504 5.959000
162505 5.953500
162506 5.889500
162507 5.975500
162508 5.975000
162509 5.978500
162510 5.920000
162511 5.977500
162519 7.112000
162520 5.972000
162521 5.971500
162522 5.962000
162523 5.976500
162524 5.962000
162525 5.976500
162526 6.035000
162528 nan
162529 nan
162530 nan
162531 nan
162532 nan
162533 nan
162534 nan
162535 nan
162536 nan
162537 nan
162538 4.281000
162539 4.514500
162540 nan
162541 4.181000
162542 4.782000
162543 6.436500
162544 4.864000
162545 5.608000
162547 3.281500
162553 6.428500
162554 6.456500
162555 6.442500
162556 nan
162557 nan
162558 nan
162559 7.228000
162692 3.392500
162695 3.783500
162696 7.022500
162697 7.025000
162705 6.944000
162707 6.945500
162708 7.033000
162709 7.030000
162710 6.983000
162711 7.031500
162712 6.948500
162713 6.984500
162714 1.470000
162715 6.987000
162716 7.013000
162717 7.020000
162718 7.014500
162719 7.013000
162720 6.079000
162721 6.146000
162722 7.019000
162723 7.023500
162724 7.024500
162725 7.024500
162726 5.546500
162727 7.017000
162728 7.018500
162729 6.971500
162730 7.024000
162731 nan
162732 6.012000
162733 7.025000
162734 7.031000
162741 6.948500
162742 4.465500
162743 5.061000
162744 5.104500
162745 5.028500
162746 4.499500
162747 5.048000
162748 nan
162749 nan
162750 nan
162751 4.609000
162752 nan
162753 nan
162754 nan
162760 5.971000
162761 5.969500
162762 nan
162763 5.963500
162764 5.966000
162765 5.962000
162766 5.964500
162767 5.967000
162768 5.964500
162769 5.972500
162771 5.961500
162776 7.063500
162777 6.468500
162778 6.472500
162779 6.530500
162780 7.040000
162781 7.018500
162782 6.613000
162783 6.652000
162784 6.377000
162785 7.017500
162786 7.060500
162787 nan
162788 nan
162789 7.024500
162790 7.069000
162791 4.943500
162792 4.507000
162793 7.047500
162794 4.133000
162795 6.113500
162796 5.299500
162797 6.584500
162798 6.501500
162799 6.510500
162800 nan
162801 nan
162802 nan
162803 6.733000
162804 nan
162806 2.199500
162807 3.770500
162808 2.993000
162809 1.807000
162810 5.947000
162815 7.367500
162816 4.582000
162817 4.067000
162818 4.735500
162819 2.500500
162821 5.617500
162824 2.503500
162825 4.906000
162826 5.401500
162827 3.972000
162828 5.826500
162829 3.965500
162830 5.407000
162831 4.332000
162832 4.496500
162833 1.478000
162834 4.368000
162835 4.701500
162836 4.368500
162837 4.991000
162838 3.744000
162839 5.961500
162840 3.003500
162842 3.005000
162843 4.410500
162844 3.002500
162845 3.005000
162865 6.954500
162866 nan
162867 nan
162868 nan
162869 nan
162870 nan
162871 7.023500
162872 nan
162873 7.033500
162874 nan
162875 nan
162876 7.032500
162877 7.032000
162887 7.373000
162888 6.993500
162889 nan
162890 7.030500
162891 nan
162892 nan
162893 7.034500
162894 7.016500
162895 nan
162896 7.018000
162897 nan
162898 7.035000
162899 7.020000
162900 nan
162901 7.096000
162902 7.086500
162903 7.071000
162905 nan
162906 7.043000
162907 7.048000
162908 nan
162909 1.188000
162911 6.524000
162912 4.880500
162913 6.527000
162914 6.514000
162915 6.442500
162916 6.600500
162917 6.632000
162918 4.165500
162919 nan
162920 nan
162921 7.015000
162922 nan
162926 6.082000
162927 6.075500
162928 6.752000
162929 7.008500
162931 6.512500
162932 6.148500
162933 6.014500
162934 6.090000
162935 4.295500
162936 3.118000
162937 1.499000
162938 6.066000
162939 6.075000
162940 nan
162941 6.078500
162942 6.146500
162943 6.095000
162944 6.082000
162945 5.759500
162946 6.071500
162947 6.069000
162948 6.051000
162949 6.084500
162950 6.076500
162951 5.622000
162952 5.220000
162953 6.083500
162954 6.089000
162955 6.097500
162956 5.188000
162957 5.401000
162958 5.489000
162959 6.087500
162960 6.094500
162961 5.420500
162963 3.955000
162964 7.763000
162965 8.012000
162966 7.167000
162967 8.021000
162968 8.018500
162973 7.394000
162974 2.646500
162975 2.143500
162976 3.466500
162977 7.010500
162978 3.401000
162979 4.319000
162980 3.269000
162981 3.812000
162982 2.549500
162983 3.304000
162984 3.098000
162985 3.198000
162986 3.069500
162987 3.234500
162988 2.520500
162989 7.007500
162990 4.975500
162991 3.604000
162992 3.705000
162993 3.583500
162994 3.485500
162995 4.433000
162996 6.970500
162997 6.972000
162998 5.420000
162999 7.049000
163000 7.016000
163001 7.021500
163002 6.979500
163003 7.005000
163004 6.988500
163005 7.013500
163006 2.623000
163019 7.379500
163020 3.570500
163021 nan
163022 3.623000
163023 4.079000
163024 3.428000
163025 4.665000
163026 4.132000
163027 3.854500
163028 5.259000
163029 4.076000
163030 3.981500
163031 3.234000
163032 7.393500
163033 4.068500
163034 3.244000
163035 4.405500
163036 5.101500
163037 6.143000
163038 4.055500
163039 4.807000
163040 4.877000
163041 5.087500
163042 4.588500
163044 4.550000
163045 5.065000
163046 6.001000
163047 4.816500
163048 6.231000
163049 6.044000
163050 6.366500
163051 6.272000
163052 3.174500
163053 2.428000
163054 4.586500
163055 5.140500
163056 2.925500
163057 2.999500
163058 5.008500
163059 4.268500
163061 5.003000
163062 5.211500
163099 7.369500
163100 6.081500
163101 nan
163102 6.548500
163103 6.425000
163104 5.585000
163105 6.318500
163106 6.377500
163107 6.106000
163108 6.115000
163109 6.296500
163110 6.176000
163111 6.162500
163112 5.899000
163113 6.017500
163114 5.969500
163115 5.983000
163116 5.539000
163117 5.453500
163118 5.437000
163119 5.427500
163120 5.437500
163121 5.434500
163122 6.080000
163123 nan
163124 nan
163125 5.663500
163126 5.710500
163127 5.438000
163128 5.996500
163129 5.961000
163130 nan
163132 5.140500
163133 4.973000
163134 5.203000
163135 5.206000
163136 3.998500
163137 2.691000
163143 7.366000
163144 nan
163145 nan
163146 nan
163147 nan
163148 4.929500
163149 nan
163150 4.952500
163151 nan
163152 nan
163153 nan
163154 4.326500
163155 4.917500
163156 nan
163157 nan
163158 nan
163159 0.693500
163160 nan
163161 nan
163162 nan
163163 nan
163164 nan
163165 nan
163166 nan
163167 nan
163168 nan
163169 nan
163170 nan
163171 nan
163172 nan
163173 nan
163174 nan
163175 nan
163176 nan
163177 nan
163178 nan
163179 nan
163180 nan
163181 4.925000
163182 4.922000
163183 4.917500
163184 4.909500
163199 1.902500
163200 5.791500
163201 6.369500
163202 6.384500
163203 5.767000
163204 6.323000
163205 6.351000
163206 6.356000
163207 5.713500
163208 6.367500
163209 5.671000
163210 5.449000
163211 2.897000
163212 5.634000
163214 5.918000
163215 5.944500
163216 5.992500
163217 5.943000
163218 5.945000
163219 5.961500
163220 5.947000
163222 7.616000
163223 7.718000
163224 7.720000
163225 7.171000
163226 7.720500
163227 7.720500
163228 7.698500
163229 7.108500
163230 7.715000
163235 7.351500
163236 6.728000
163237 6.311000
163238 5.996500
163239 5.094000
163240 6.035500
163241 5.076500
163242 5.154500
163243 5.152500
163244 6.159000
163245 5.157500
163246 5.177000
163247 5.165500
163248 5.157000
163249 6.087000
163250 6.085000
163251 6.098500
163252 6.081000
163253 6.099500
163254 5.129500
163255 5.512500
163256 6.221000
163257 5.327500
163258 5.371500
163259 5.382500
163260 6.149500
163261 nan
163262 6.116000
163263 6.106000
163264 6.243000
163265 6.017500
163275 6.191500
163276 5.608000
163277 2.567000
163278 2.575000
163279 2.504000
163280 2.545500
163281 2.483500
163282 2.504000
163283 2.503500
163284 7.044000
163286 7.045000
163287 4.833500
163288 7.414500
163290 6.004500
163292 6.021500
163293 6.011500
163294 5.996000
163295 6.268500
163296 6.286000
163297 5.919500
163303 7.359500
163304 6.970500
163305 7.010000
163306 5.423000
163307 2.311000
163308 2.303000
163309 4.615500
163310 6.996000
163311 3.001500
163312 3.642000
163313 7.016500
163314 4.656500
163315 7.007500
163316 7.024000
163317 7.014500
163318 6.959000
163319 2.549500
163320 2.941500
163321 2.975000
163322 3.885000
163323 2.610500
163324 2.794000
163325 3.313000
163326 3.074500
163327 4.200000
163328 2.274500
163330 5.532000
163331 5.958000
163332 6.016500
163333 6.095500
163334 5.962500
163335 6.179000
163336 6.004000
163427 1.627500
163428 5.596000
163429 5.594000
163430 5.655000
163431 5.649500
163432 5.937000
163433 5.484500
163434 5.467000
163435 5.634500
163436 5.618000
163437 5.640000
163438 6.075500
163439 5.561000
163440 6.440000
163441 5.575000
163442 6.461000
163443 6.485500
163444 6.492500
163445 6.416000
163446 5.631500
163447 5.635500
163448 6.031000
163449 6.035000
163450 6.036500
163451 6.037000
163455 5.624000
163456 5.563000
163457 5.663500
163458 5.629500
163459 5.600500
163460 5.141000
163461 5.097500
163463 5.655000
163464 5.627500
163465 5.637500
163466 5.638500
163467 5.645500
163468 5.636000
163469 5.603000
163470 5.657500
163471 5.656500
163472 5.625500
163473 5.644500
163474 5.394000
163475 5.634500
163476 5.649000
163477 5.650500
163478 5.644500
163479 nan
163480 5.623000
163481 5.566000
163482 5.576000
163483 5.572500
163484 5.591000
163485 5.610000
163486 5.596500
163487 5.571000
163488 5.584000
163489 5.600500
163490 5.600000
163491 5.604000
163492 5.603500
163497 5.608500
163498 6.391000
163499 6.514000
163500 5.579000
163501 5.658500
163502 nan
163503 5.636000
163504 5.651000
163505 5.645500
163506 5.665000
163507 5.668000
163508 5.652500
163509 5.649000
163510 5.654500
163511 5.668500
163512 5.674500
163513 5.656500
163514 5.666500
163515 5.555500
163516 5.451000
163518 5.663000
163519 5.642500
163520 5.674000
163521 5.644000
163522 3.958000
163523 5.167000
163524 5.573500
163525 5.662000
163526 5.642000
163530 4.515500
163531 5.510000
163532 5.909500
163533 5.893500
163534 6.987500
163535 5.446500
163536 nan
163537 6.973000
163538 5.001000
163539 4.965000
163540 nan
163541 5.985000
163542 nan
163543 5.713500
163544 6.023000
163545 5.874000
163546 5.857500
163547 6.968500
163548 6.967000
163549 6.966500
163550 6.967500
163551 6.992000
163552 6.944000
163553 7.017500
163595 1.147500
163600 nan
163601 6.617000
163602 6.505000
163603 6.516500
163604 6.532500
163605 1.659500
163606 6.864000
163607 6.863000
163608 6.880000
163609 6.870500
163610 6.845500
163611 6.098500
163648 4.253000
163649 4.172000
163650 6.948000
163651 6.899000
163652 6.917500
163653 6.925500
163654 5.895000
163655 7.012500
163656 6.959500
163657 6.963500
163658 6.984500
163659 7.032500
163660 nan
163661 6.993500
163662 7.009000
163663 6.978000
163664 6.988000
163665 6.942000
163666 7.012500
163699 5.328000
163700 6.048500
163701 6.054500
163702 1.854500
163705 0.989500
163708 6.602000
163709 0.949000
163710 6.621500
163711 6.710000
163712 7.011500
163714 7.034500
163715 6.250000
163716 6.465500
163717 6.162500
163718 6.455500
163719 6.504000
163720 5.163000
163722 6.473000
163723 6.495000
163724 6.482500
163725 6.499000
163726 6.483500
163727 6.438000
163734 5.923500
163735 6.093500
163736 6.838000
163737 6.399000
163738 7.015500
163739 6.998000
163740 6.354500
163741 5.538000
163743 7.017000
163749 6.876000
163750 6.917000
163751 5.730500
163752 5.886000
163753 6.013000
163754 nan
163755 5.804500
163756 5.968000
163760 5.512000
163761 5.493000
163762 5.453000
163773 5.472000
163781 5.150000
163782 6.039500
163783 4.848000
163784 2.329500
163785 1.761000
163787 6.895000
163788 6.918500
163789 6.908000
163790 5.521500
163791 6.941500
163792 6.909500
163793 6.007500
163794 7.019000
163795 6.903000
163796 6.906000
163797 7.018500
163799 6.368500
163800 6.212500
163801 5.666500
163802 6.382000
163803 5.646000
163804 6.428500
163805 5.641000
163806 5.772500
163807 5.636500
163808 6.350500
163809 5.644000
163810 5.643000
163812 5.236500
163817 6.891500
163818 7.009000
163819 7.009000
163820 5.951500
163821 6.998000
163822 7.017500
163823 7.013500
163824 7.018500
163825 6.639000
163826 6.413000
163827 5.929000
163828 7.016500
163829 7.010000
163830 7.013000
163831 7.014000
163832 7.012000
163833 7.014500
163834 7.013000
163835 7.012000
163836 7.017500
164033 nan
164034 nan
164035 nan
164036 5.532000
164037 4.954000
164038 6.687500
164039 7.086000
164040 6.746000
164041 6.801000
164042 6.680000
164043 6.850500
164044 6.735500
164045 nan
164046 7.082500
164047 7.077000
164048 7.081500
164049 6.944000
164050 6.979500
164062 7.130500
164063 nan
164064 nan
164065 nan
164068 nan
164069 7.130500
164070 7.111000
164071 7.118000
164072 0.318500
164073 nan
164074 6.804500
164075 6.820500
164076 nan
164077 7.008000
164078 nan
164079 nan
164083 7.119000
164084 nan
164086 nan
164087 nan
164088 nan
164089 6.929000
164090 nan
164091 nan
164092 6.922500
164093 nan
164094 nan
164095 6.935000
164096 7.021000
164097 nan
164098 nan
164099 6.938500
164100 nan
164101 nan
164102 nan
164103 nan
164104 7.082500
164105 nan
164106 nan
164107 nan
164108 nan
164109 nan
164110 6.991500
164111 nan
164112 nan
164113 nan
164114 6.985000
164115 5.262000
164123 0.346000
164125 0.333000
164126 7.070500
164128 5.899000
164129 6.010000
164130 6.028500
164131 6.036000
164132 0.928500
164133 5.410500
164134 7.020500
164135 7.009500
164136 nan
164137 6.928000
164138 6.939500
164139 7.012500
164140 7.014500
164141 6.927500
164142 6.948000
164143 7.014000
164144 7.008500
164145 7.009000
164146 7.012500
164150 7.074000
164168 5.353500
164169 6.823000
164170 6.822500
164171 6.829000
164172 nan
164173 nan
164174 nan
164175 6.123000
164176 nan
164178 4.198500
164179 4.818000
164185 7.102000
164186 6.966000
164188 6.911000
164189 6.918000
164190 6.912500
164191 nan
164192 4.570000
164193 4.628500
164194 nan
164195 nan
164204 7.055000
164205 6.105000
164206 5.861000
164207 7.015000
164208 7.370000
164209 6.007000
164210 5.989500
164211 5.977000
164212 5.955000
164213 4.487000
164215 5.045000
164216 6.080000
164217 0.729500
164218 4.533500
164219 5.967000
164222 5.931000
164223 7.235500
164224 4.069500
164225 0.505500
164226 4.813500
164227 6.787000
164238 4.231500
164240 5.942000
164241 5.939000
164242 5.947500
164243 5.396000
164244 5.685500
164245 5.690500
164246 5.712500
164247 4.997500
164248 5.708500
164249 5.708000
164250 5.711000
164251 5.709000
164252 5.709500
164253 5.690000
164254 5.709500
164260 5.711500
164261 5.706000
164262 5.709500
164263 5.709500
164264 5.705000
164265 5.707500
164266 5.707000
164267 5.708500
164268 5.715000
164269 5.696500
164270 5.709000
164271 5.706000
164273 1.863500
164274 5.452500
164275 nan
164276 5.698500
164277 5.026000
164278 5.156500
164279 6.105000
164280 4.172500
164281 5.642500
164282 6.976000
164283 nan
164284 3.546500
164285 3.794500
164286 2.435000
164287 nan
164288 6.966000
164289 6.850500
164290 6.385500
164291 3.332500
164292 5.684500
164293 6.079000
164294 5.325500
164298 7.349500
164299 7.112000
164300 4.866000
164301 4.145000
164302 6.022000
164303 2.222000
164304 6.358500
164305 3.451500
164306 2.640500
164307 3.960000
164308 2.416500
164309 7.615500
164310 7.597500
164312 7.622500
164313 2.422000
164314 2.934000
164315 6.127000
164316 7.624500
164317 2.980500
164318 7.625500
164319 7.083000
164320 5.746000
164321 5.535500
164322 7.318000
164323 1.821500
164324 2.396000
164325 nan
164326 nan
164327 6.274000
164328 4.477000
164329 7.010000
164330 6.142000
164331 4.766000
164332 6.194000
164333 4.559000
164334 6.198500
164335 6.216500
164336 7.009000
164337 nan
164338 4.820500
164345 7.391000
164346 1.770500
164347 1.196500
164348 3.698500
164349 nan
164350 0.871000
164351 3.057500
164352 4.790500
164353 7.003500
164354 7.012000
164355 3.288000
164356 7.012500
164357 6.975500
164359 7.033500
164360 5.411000
164361 4.186500
164362 7.026500
164363 2.161000
164364 1.864000
164365 3.875000
164367 2.336000
164368 2.990000
164369 3.557500
164370 2.691000
164371 0.705500
164372 5.007500
164373 4.809000
164374 0.696000
164375 3.795000
164376 0.660500
164377 0.696000
164424 7.358000
164426 5.925500
164427 5.933000
164428 5.937500
164429 5.944500
164430 5.941000
164431 5.938000
164432 5.941500
164433 5.936000
164434 5.940500
164435 5.937500
164436 5.941000
164438 5.357000
164439 3.102000
164440 5.868000
164441 5.875500
164442 5.878500
164443 5.613500
164444 2.420500
164445 2.422000
164446 4.203500
164447 5.865500
164448 4.225000
164449 5.819000
164450 3.398000
164451 4.638500
164452 5.814000
164453 4.469000
164454 5.817500
164455 5.861500
164456 5.834500
164462 6.933500
164463 6.222500
164464 6.155000
164465 7.004500
164466 5.428000
164467 5.418000
164468 5.427500
164469 3.846000
164470 6.998500
164471 3.842500
164472 3.312500
164473 3.004000
164474 3.214500
164476 nan
164477 nan
164478 nan
164479 nan
164480 6.950500
164481 6.767500
164482 nan
164483 nan
164484 nan
164485 nan
164486 7.012000
164491 4.809000
164492 nan
164493 nan
164494 nan
164495 nan
164496 nan
164497 nan
164498 nan
164499 nan
164500 nan
164501 nan
164502 nan
164503 nan
164504 nan
164505 6.000000
164506 nan
164507 nan
164508 nan
164509 nan
164510 nan
164511 nan
164512 nan
164513 nan
164514 4.131500
164515 nan
164516 4.187000
164517 nan
164518 nan
164519 nan
164520 nan
164521 nan
164522 nan
164523 nan
164527 nan
164528 3.979000
164529 5.964500
164530 5.966000
164531 nan
164532 5.945000
164533 nan
164534 5.958500
164535 nan
164536 nan
164537 nan
164538 4.014500
164539 5.958000
164540 5.966500
164541 5.954000
164542 nan
164546 7.341000
164547 6.376500
164548 2.305000
164549 5.922000
164550 5.712000
164551 3.613000
164552 5.941500
164553 3.800500
164554 2.159000
164555 3.654500
164557 3.764000
164558 3.865500
164559 5.971500
164560 4.525500
164561 5.047000
164562 3.639500
164563 3.719000
164564 4.481000
164565 5.861500
164566 5.579000
164567 5.847500
164568 5.821000
164569 5.821000
164570 5.826000
164571 5.011500
164572 5.754500
164573 5.876500
164574 4.818000
164575 5.828000
164576 5.849500
164577 5.866500
164578 5.779500
164580 3.759500
164581 4.929500
164582 4.337000
164583 4.299500
164584 4.844500
164585 5.858500
164593 6.502500
164594 6.099000
164595 nan
164596 6.607000
164597 nan
164598 3.918500
164599 nan
164600 4.801500
164601 4.492500
164602 4.493000
164603 6.517500
164604 nan
164605 4.545000
164606 6.946000
164607 nan
164608 nan
164610 nan
164611 5.451000
164612 4.786500
164613 nan
164614 7.005000
164618 6.414000
164619 5.675000
164620 5.353500
164621 5.580500
164622 0.348000
164623 6.245500
164624 6.537000
164625 6.425500
164628 6.312000
164629 6.404500
164630 6.556500
164631 6.562000
164632 6.559500
164633 6.558000
164634 6.558500
164635 6.547000
164636 6.539500
164637 6.560000
164638 6.554500
164639 6.557000
164640 6.560500
164641 6.556000
164642 6.356500
164643 6.557500
164646 4.528500
164647 4.567000
164648 4.530500
164649 4.534500
164650 4.573000
164651 4.581500
164652 4.862000
164653 6.448500
164654 6.477000
164655 nan
164656 6.826500
164658 nan
164659 6.455500
164660 nan
164661 7.005000
164662 6.999000
164663 nan
164664 7.004500
164666 5.788000
164667 2.737000
164668 4.414500
164669 3.977500
164670 3.562000
164671 3.522000
164672 3.578000
164673 3.173500
164674 4.373000
164675 5.985000
164676 3.685000
164677 4.870000
164678 3.863000
164679 3.649500
164680 4.560500
164681 6.006000
164682 4.661500
164684 nan
164685 4.663500
164687 7.010000
164688 7.013500
164689 7.024500
164694 6.554000
164695 6.558500
164696 6.558500
164697 6.559000
164698 6.530500
164699 6.548500
164700 6.535000
164701 6.538000
164702 6.548000
164703 6.547000
164704 5.421500
164705 5.466000
164706 nan
164707 6.545500
164708 6.543000
164709 6.547500
164710 6.545500
164711 6.536500
164713 1.554500
164715 0.364000
164716 2.466500
164717 3.585000
164718 6.324500
164719 6.398000
164720 7.021500
164721 7.007000
164722 7.019000
164723 6.384000
164724 nan
164725 7.008000
164773 7.364000
164775 5.990500
164776 5.997500
164777 7.370500
164778 5.996000
164779 5.764500
164780 5.975000
164786 6.864000
164787 6.885500
164789 6.896500
164790 6.886500
164791 6.736000
164792 6.615000
164793 6.794500
164794 6.714500
164795 6.848500
164796 6.824500
164797 4.966500
164798 5.002500
164799 6.888500
164800 6.892000
164801 6.893500
164802 6.352500
164803 5.853000
164804 6.281000
164805 6.135000
164806 6.887000
164807 6.466000
164808 6.871500
164809 6.867500
164810 6.865500
164811 4.797000
164812 4.058000
164814 7.023500
164815 7.034000
164816 7.044500
164817 7.014000
164818 6.334000
164819 7.014000
164820 7.012500
164824 7.006000
164825 7.047500
164826 3.791500
164827 3.402000
164828 3.487000
164829 3.528000
164830 3.393500
164831 7.024500
164832 7.027500
164833 7.030500
164834 3.891500
164835 4.158000
164836 7.025500
164837 4.176000
164838 7.030000
164839 3.981000
164840 3.417500
164841 3.796500
164842 7.032500
164843 7.022500
164844 3.788000
164845 3.732500
164846 3.775500
164847 3.960500
164848 3.736500
164849 4.568500
164850 7.028000
164851 3.361000
164852 7.023000
164853 3.600500
164854 7.025000
164863 2.154500
164866 7.018000
164869 5.318500
164870 6.028500
164871 4.349500
164872 4.619500
164873 5.692500
164874 5.769000
164875 5.769000
164876 5.526000
164877 5.804000
164878 5.782500
164879 5.574000
164880 6.377500
164881 5.250000
164882 5.196500
164883 5.693500
164884 5.801000
164886 5.788500
164892 5.808500
164894 5.192000
164895 5.749000
164896 5.786500
164897 5.883500
164898 5.749000
164899 5.892000
164900 5.853500
164901 5.725000
164902 5.693500
164903 5.697000
164904 5.058500
164905 5.294500
164910 7.019500
164911 7.021500
164912 7.015500
164913 5.801000
164914 7.029000
164915 7.029500
164916 7.027500
164917 7.027000
164918 7.027000
164919 7.026500
164920 7.030000
164921 7.030000
164922 7.031000
164923 7.032500
164924 7.031500
164925 7.028000
164931 7.365000
164944 2.277000
164945 2.163500
164946 2.126000
164947 4.124000
164948 4.128000
164949 4.302000
164954 0.604500
164955 0.584500
164956 5.961000
164957 5.977000
164958 5.958500
164959 3.709500
164960 5.956000
164961 3.161000
164962 2.950500
164963 3.123500
164964 2.920500
164965 5.917000
164966 5.934500
164967 5.940000
164971 7.316000
164972 3.851000
164973 5.938000
164974 5.917500
164975 5.925000
164976 3.414000
164977 5.942500
164978 5.935500
164979 5.905000
164980 6.067500
164981 5.937000
164982 5.924000
164983 2.782000
164984 3.478500
164985 5.931500
164986 3.533500
164987 5.878500
164988 5.947000
164989 3.402000
164990 3.740500
164991 5.967500
164992 3.101500
164993 5.938000
164994 1.741500
164995 1.723500
164999 1.030000
165000 2.301000
165001 2.698000
165002 2.944000
165003 2.038000
165004 4.211500
165011 6.445000
165012 6.998500
165013 7.007500
165014 6.998500
165015 7.011000
165016 7.013500
165017 6.999000
165018 7.018500
165019 7.005000
165020 nan
165021 7.008000
165022 7.021000
165023 6.821500
165024 7.023000
165025 7.018000
165026 7.019500
165027 7.017500
165028 7.009000
165029 7.012000
165030 nan
165031 6.997000
165032 6.995000
165033 7.004000
165034 7.014000
165035 7.017000
165036 7.023500
165037 7.026500
165038 7.004000
165039 7.011000
165040 7.013000
165041 7.024000
165042 7.014500
165043 7.010000
165044 7.018500
165050 6.383500
165051 6.950500
165052 6.953000
165053 nan
165054 nan
165055 7.025000
165056 nan
165057 nan
165058 nan
165059 7.014000
165060 nan
165061 7.012500
165062 7.015500
165063 7.025000
165064 7.012000
165065 7.022500
165066 7.028500
165067 6.609500
165068 nan
165069 nan
165070 6.579000
165071 6.580000
165072 nan
165073 nan
165074 6.075500
165075 6.076000
165076 nan
165077 6.561000
165078 5.544500
165079 5.547000
165080 nan
165086 6.737000
165087 7.009500
165088 7.008500
165089 7.010000
165090 6.720000
165091 6.553500
165092 4.535000
165093 4.917000
165094 6.555500
165095 6.557000
165096 6.556000
165097 6.548000
165098 6.568000
165099 6.549500
165100 6.557000
165102 6.895000
165103 6.170500
165104 6.341500
165105 6.184500
165106 6.869000
165107 6.871500
165108 5.897000
165109 3.846000
165110 4.352500
165111 3.889000
165112 1.215500
165113 4.816500
165114 7.021000
165115 7.020500
165116 7.019000
165144 4.426500
165145 nan
165146 nan
165147 nan
165148 nan
165149 nan
165150 5.226500
165151 7.025500
165152 4.882500
165153 4.809500
165154 4.882500
165156 7.008000
165157 7.008500
165158 nan
165167 6.537500
165168 6.542500
165169 6.538000
165170 nan
165171 7.004000
165173 6.494500
165174 5.832500
165177 4.494500
165178 6.558500
165179 6.536000
165180 6.540000
165181 6.426000
165182 6.556500
165183 7.015000
165184 6.399000
165185 6.446500
165186 6.543500
165187 3.378500
165188 6.271000
165189 2.940000
165190 6.999000
165191 4.080500
165196 7.348500
165233 7.352500
165235 2.982000
165236 4.636500
165237 3.305500
165238 2.739000
165239 2.474500
165242 2.798500
165243 2.967000
165244 2.737000
165246 5.046500
165247 3.589000
165248 4.688500
165249 3.915000
165250 2.874500
165251 6.849000
165252 7.064000
165253 3.736500
165257 5.178500
165259 4.917500
165260 6.942000
165261 4.972500
165262 7.197000
165263 4.320500
165264 7.540000
165265 4.999000
165284 7.010500
165285 3.053000
165286 7.013500
165287 nan
165288 7.012000
165289 7.013500
165294 5.331500
165295 6.804500
165296 6.831000
165297 nan
165298 nan
165299 7.008500
165300 nan
165301 nan
165302 7.015500
165303 nan
165304 6.917500
165305 nan
165306 6.858000
165307 6.913500
165308 nan
165309 nan
165310 6.848000
165311 6.890500
165312 6.889000
165313 6.908000
165314 nan
165315 nan
165316 6.859000
165317 6.896000
165318 6.874500
165319 6.921500
165320 6.919000
165321 nan
165322 nan
165323 nan
165324 nan
165325 nan
165334 5.010000
165335 5.818500
165338 6.586000
165339 nan
165340 6.571000
165341 6.558500
165342 6.558000
165345 0.460000
165346 6.576500
165348 4.651000
165349 6.691000
165350 6.918000
165351 7.009000
165352 6.854500
165353 7.017000
165354 7.015000
165355 4.535500
165372 1.838500
165375 5.762000
165377 5.762500
165379 5.770000
165386 nan
165396 0.786000
165397 0.763000
165398 0.775500
165399 3.415000
165400 5.638000
165401 5.440000
165402 5.745500
165403 5.629000
165404 5.331000
165405 5.794500
165406 5.781000
165407 5.794000
165408 5.792000
165409 3.682500
165410 5.792000
165411 5.431500
165412 5.589500
165413 5.795000
165414 5.567500
165415 5.791500
165416 5.584000
165417 5.506500
165418 4.080500
165419 5.798000
165420 5.808000
165421 3.352500
165427 6.847500
165428 7.005000
165429 6.757000
165430 6.544500
165431 6.718500
165432 6.972000
165433 4.985000
165434 6.445500
165435 5.059500
165436 6.918000
165437 6.725500
165438 6.733000
165439 6.200000
165440 6.845500
165441 6.404500
165442 5.992000
165443 5.906000
165444 6.271500
165445 5.782000
165446 6.203500
165447 6.274500
165448 5.285000
165449 6.131500
165450 6.568500
165451 6.636000
165452 6.738500
165453 1.276500
165454 6.257000
165455 5.719500
165459 7.352500
165460 6.185000
165461 6.300000
165462 5.877000
165463 6.295500
165464 6.337000
165465 6.555500
165466 6.785500
165467 6.508000
165468 6.682000
165469 6.323500
165470 6.888500
165472 7.012500
165473 7.025000
165474 7.033000
165475 7.022500
165476 7.019500
165477 7.028500
165478 7.028500
165479 7.030000
165480 7.023500
165481 7.026000
165482 7.042500
165483 7.035500
165484 nan
165489 5.859000
165490 4.577500
165491 5.844500
165492 5.778500
165493 3.717000
165494 5.824000
165495 5.825500
165496 3.484500
165497 7.017000
165498 6.614500
165499 6.886500
165500 6.066000
165501 6.802000
165502 6.085500
165503 5.507000
165504 6.780500
165505 7.004000
165506 6.601500
165507 7.010500
165508 6.988500
165509 6.431500
165510 6.737500
165511 3.076000
165512 6.625000
165513 6.885500
165514 5.886000
165515 5.833500
165516 6.890500
165524 7.353000
165526 nan
165527 2.473000
165528 2.404500
165529 2.373000
165530 6.033000
165531 2.283000
165532 2.672500
165533 2.230000
165534 3.552000
165535 1.740500
165536 1.938500
165537 4.545500
165538 4.647500
165539 2.675500
165540 4.190000
165541 5.435000
165542 3.221000
165543 2.513500
165544 2.934000
165545 5.560500
165546 3.295000
165547 5.682500
165548 5.930500
165549 3.625000
165550 3.652500
165551 5.800500
165552 5.568500
165554 6.422500
165555 6.727000
165556 6.673500
165557 6.627500
165558 4.624000
165559 6.450500
165669 5.546500
165670 6.201000
165671 4.868500
165676 4.810000
165677 7.087000
165678 7.068000
165679 6.969500
165680 3.814000
165682 3.001500
165683 6.879500
165684 3.880500
165685 6.937000
165686 5.148500
165688 6.085500
165689 3.959500
165690 nan
165691 0.554500
165692 6.872000
165693 1.278000
165707 6.228000
165708 6.071500
165709 1.667000
165710 5.992500
165711 2.215500
165712 1.752500
165714 2.353500
165715 4.539000
165716 2.812000
165718 1.368500
165720 6.241000
165721 6.236000
165722 2.267500
165724 3.407000
165725 6.282500
165726 5.530000
165727 2.313000
165728 3.321500
165729 1.464500
165730 4.677500
165731 2.386500
165732 3.982000
165733 3.321000
165742 nan
165743 nan
165744 nan
165745 nan
165746 5.162500
165747 nan
165748 5.159000
165749 5.150500
165750 nan
165751 nan
165752 nan
165753 5.159000
165754 nan
165756 nan
165757 nan
165758 nan
165759 nan
165760 nan
165762 nan
165763 nan
165764 nan
165765 nan
165766 nan
165767 nan
165768 nan
165769 nan
165770 nan
165771 nan
165772 nan
165773 nan
165774 5.155000
165842 4.890500
165851 5.655500
165852 7.004500
165853 7.011000
165854 7.016000
165855 7.019500
165856 7.017500
165857 7.044500
165858 7.056000
165859 7.026000
165860 7.021500
165861 7.021500
165862 7.023000
165863 7.024000
165864 7.009500
165865 7.020000
165866 7.010000
165867 7.021000
165868 7.027500
165869 7.015000
165870 7.026500
165871 7.026000
165872 7.011000
165873 7.020500
165874 7.018500
165875 7.014000
165876 6.011000
165877 7.027500
165878 7.027500
165884 3.702000
165885 3.092500
165886 1.984000
165887 6.706000
165888 nan
165889 nan
165890 2.955500
165891 3.019000
165892 4.041000
165893 3.513500
165894 4.109000
165895 nan
165896 3.634000
165897 3.648000
165898 3.670000
165899 3.649500
165900 1.137000
165901 3.654500
165902 0.561000
165903 1.000000
165904 4.056500
165907 3.620000
165908 3.651000
165909 4.082500
165917 7.740000
165918 8.027000
165919 8.038500
165920 8.022500
165921 8.027500
165922 8.015500
165923 8.033500
165924 8.033000
165925 8.033000
165926 8.039500
165927 8.036000
165928 8.025500
165929 8.020000
165930 0.691500
165932 8.022000
165933 nan
165935 8.014000
165937 nan
165938 8.027000
165939 8.021000
165940 8.025000
165941 8.026500
165943 8.027500
165944 7.033000
165948 7.006000
165949 6.907000
165950 7.011500
165951 nan
165952 7.011500
165953 7.026500
165954 7.021000
165955 7.019500
165956 7.016500
165957 7.023000
165958 7.022500
165959 7.021500
165960 7.020500
165961 7.021500
165962 7.019500
165963 7.021000
165964 7.019500
165965 7.031500
165968 6.127500
165969 5.126000
165985 7.367000
165987 4.654000
165988 6.126000
165989 5.332000
165990 4.710500
165991 6.124000
165992 4.517500
165993 4.587500
166011 1.462000
166012 3.731000
166017 7.368500
166018 3.167500
166019 3.093500
166020 3.196000
166021 nan
166022 5.475000
166023 nan
166024 5.248500
166025 7.046000
166026 nan
166027 7.024000
166028 4.044500
166029 7.030500
166031 7.030000
166032 7.026500
166033 nan
166034 nan
166035 7.017500
166036 7.013500
166037 nan
166038 5.522000
166039 5.193000
166040 nan
166041 nan
166042 6.036000
166043 7.018500
166044 nan
166045 7.029000
166046 7.034500
166047 3.734000
166048 7.031500
166050 7.009000
166051 7.007000
166052 7.013500
166053 5.426000
166055 5.142500
166060 5.867500
166061 nan
166062 7.027000
166063 7.019500
166064 7.008500
166065 6.744000
166066 6.523000
166067 5.781500
166069 5.708500
166070 5.967500
166071 5.986000
166072 5.708000
166073 7.009000
166074 7.019500
166075 7.014500
166076 1.710500
166077 nan
166078 nan
166079 5.426500
166080 nan
166081 nan
166082 5.550500
166083 nan
166084 5.822500
166086 7.019000
166087 7.023500
166088 5.470500
166089 nan
166091 7.014000
166092 7.038500
166093 7.027500
166094 6.293000
166095 3.875500
166096 5.472000
166097 5.666500
166098 5.754500
166102 7.021500
166103 7.036500
166104 7.036500
166105 7.039000
166106 7.044500
166107 7.049500
166108 7.031500
166109 7.053000
166110 7.033000
166111 7.044500
166112 6.835000
166113 7.097000
166114 7.040500
166115 7.032500
166116 6.055000
166117 7.048500
166119 5.491000
166120 7.030000
166121 5.329500
166122 nan
166123 7.017000
166124 nan
166125 5.378000
166126 nan
166127 nan
166128 3.333500
166129 nan
166130 nan
166131 nan
166135 7.027500
166136 7.051500
166137 7.058000
166138 7.046000
166139 7.057500
166140 7.053000
166141 7.037500
166142 7.039000
166143 7.049500
166144 7.040000
166145 7.038000
166146 7.031500
166147 7.025000
166149 nan
166151 6.303000
166152 5.870500
166153 7.004000
166154 7.005500
166155 7.004000
166156 6.127500
166157 7.004000
166158 7.005000
166159 5.878500
166160 5.851500
166161 5.839000
166162 6.972500
166163 6.922500
166164 5.884500
166168 7.349500
166169 nan
166170 4.809000
166171 5.902500
166172 5.903000
166173 5.900500
166174 nan
166175 5.538000
166176 5.731500
166177 5.604500
166178 3.896000
166179 5.427500
166187 2.830000
166188 5.038000
166191 5.070000
166192 5.111500
166253 6.076500
166254 5.366500
166255 5.939500
166256 4.098500
166257 2.607000
166258 2.750500
166260 3.781500
166261 6.067500
166262 4.588000
166263 7.018500
166264 7.034500
166265 7.011000
166266 6.898000
166267 6.874000
166282 1.841000
166284 1.835000
166288 1.256000
166289 1.082500
166290 1.296500
166291 0.901000
166292 1.195000
166293 1.022500
166294 0.789500
166295 1.090000
166299 1.162500
166300 5.720000
166301 2.219500
166302 2.126000
166303 nan
166304 2.429500
166305 5.543500
166306 2.896500
166307 5.511000
166308 6.226500
166309 6.210000
166310 6.249000
166311 1.599500
166312 1.553500
166313 6.091500
166314 2.690000
166315 1.477500
166316 6.212500
166317 6.268500
166318 0.967000
166319 1.007500
166320 1.943500
166321 2.444000
166322 1.766000
166323 2.739000
166324 2.654000
166325 1.967500
166326 6.111500
166327 6.211500
166328 4.101500
166329 1.737500
166330 1.978500
166334 6.962500
166335 2.497500
166336 nan
166337 nan
166338 nan
166339 nan
166340 nan
166342 5.213500
166343 7.034500
166344 4.791000
166345 7.024500
166347 2.692500
166348 7.022000
166349 2.694000
166350 7.020000
166351 7.018500
166352 7.020500
166353 7.030500
166354 nan
166355 nan
166356 7.029000
166357 7.031500
166358 7.023500
166359 7.018500
166360 7.013000
166361 nan
166363 4.627500
166364 3.474000
166365 5.283500
166386 nan
166387 nan
166388 1.817500
166389 6.008500
166390 6.817000
166391 7.029000
166392 5.466000
166393 5.472000
166394 nan
166395 1.381000
166396 5.373000
166397 5.287500
166399 5.477500
166400 5.480000
166402 5.457000
166403 5.430500
166411 7.525500
166412 nan
166413 4.420500
166414 4.911000
166415 6.942500
166417 6.967000
166418 4.646500
166419 6.919000
166422 2.658000
166428 6.962500
166429 2.239500
166430 2.232500
166431 2.315500
166432 2.682000
166433 6.047000
166434 5.619000
166435 5.566000
166436 5.442500
166437 2.424000
166438 5.048000
166439 4.866000
166440 5.325500
166441 3.924500
166442 6.305500
166443 4.447500
166444 6.169500
166445 3.783000
166446 4.696000
166447 4.696500
166448 5.212500
166449 4.474500
166450 4.457500
166451 2.440000
166452 4.276500
166453 2.273500
166454 4.831500
166455 6.128000
166456 4.988000
166457 4.167500
166458 5.312000
166459 5.602500
166460 4.741000
166461 5.546000
166462 3.522500
166463 3.607000
166464 3.498500
166465 3.783500
166466 3.682000
166467 4.262500
166468 3.750000
166469 3.649000
166470 3.502000
166480 nan
166481 3.357000
166482 7.186000
166483 7.155500
166484 7.100500
166485 7.134500
166486 7.161000
166487 7.126500
166488 nan
166489 nan
166490 nan
166491 nan
166492 nan
166493 4.070000
166494 nan
166495 nan
166496 nan
166497 nan
166498 6.244000
166499 4.911500
166500 4.072500
166501 nan
166502 4.948500
166503 4.029500
166504 nan
166505 nan
166506 7.041500
166507 nan
166508 nan
166509 nan
166515 7.384000
166516 nan
166517 nan
166518 5.154500
166519 nan
166520 nan
166521 nan
166522 nan
166523 nan
166524 nan
166525 nan
166526 nan
166527 2.568500
166529 nan
166530 nan
166531 nan
166532 nan
166533 nan
166534 nan
166535 nan
166536 nan
166537 nan
166538 nan
166539 nan
166540 nan
166541 nan
166542 nan
166543 nan
166549 6.419500
166550 5.119000
166551 3.996500
166552 3.451500
166553 4.469000
166554 3.888000
166555 5.028000
166556 6.424000
166557 6.679000
166559 3.249500
166560 3.391000
166561 0.419000
166562 4.287000
166563 3.995000
166564 5.049500
166565 4.181000
166566 6.394500
166567 6.382000
166568 6.369500
166569 6.385500
166571 3.022500
166572 nan
166573 nan
166574 nan
166575 5.305500
166576 6.158000
166577 7.018000
166578 7.040500
166579 nan
166580 7.025000
166581 7.020000
166582 5.783500
166583 7.043500
166584 5.602000
166585 6.357000
166594 0.550500
166595 nan
166596 7.032000
166597 7.027500
166598 7.018500
166599 5.615000
166600 nan
166601 2.502000
166602 6.511000
166603 6.515500
166604 6.516500
166605 5.586500
166606 6.515000
166607 5.643500
166608 nan
166609 nan
166610 5.414000
166611 5.358500
166612 6.418500
166613 6.008500
166615 nan
166616 5.616000
166617 6.522000
166618 6.512500
166619 nan
166620 nan
166621 7.023500
166622 5.631000
166627 4.189500
166628 0.471000
166629 2.782500
166630 4.151000
166631 4.203500
166632 4.195000
166633 4.167500
166635 4.107000
166636 4.134000
166637 4.110500
166638 4.134500
166639 4.115500
166640 4.139500
166641 3.265000
166642 4.131500
166643 4.136500
166644 5.134500
166645 2.226000
166646 5.195500
166647 5.139000
166648 5.142500
166649 5.166500
166650 5.159500
166651 5.170500
166652 5.167000
166653 5.172000
166654 5.157500
166655 5.158000
166656 5.155500
166657 5.161000
166658 5.162500
166659 5.152000
166660 5.162500
166661 nan
166662 nan
166668 7.362000
166669 nan
166670 nan
166671 1.655000
166672 1.723000
166673 1.625500
166674 1.783000
166675 1.686000
166676 7.244500
166677 1.908000
166678 4.762000
166679 4.995500
166680 5.752500
166681 4.829000
166682 4.681500
166683 6.294500
166684 5.499000
166685 6.131000
166686 3.264000
166687 4.709000
166688 5.206500
166689 5.923000
166690 6.889000
166691 4.503000
166692 5.232000
166695 5.994000
166696 nan
166697 4.920000
166698 nan
166699 nan
166700 5.218000
166701 nan
166702 5.851500
166703 nan
166704 5.449500
166705 nan
166712 1.030000
166713 1.145000
166714 1.036000
166715 5.334500
166717 7.024000
166718 7.028000
166719 1.913500
166720 nan
166721 6.763500
166722 nan
166723 6.298500
166724 6.839500
166725 6.222500
166726 6.244500
166727 6.181000
166728 5.903000
166729 5.497500
166730 6.261000
166731 5.726500
166732 6.838000
166733 nan
166734 6.979500
166736 5.614500
166737 5.248500
166738 3.741000
166739 6.493500
166740 6.381000
166741 1.508500
166742 3.299500
166777 1.329500
166783 1.560500
166784 2.012000
166785 4.539500
166786 4.535000
166788 4.492500
166789 4.536500
166790 4.540500
166791 4.397500
166792 3.817000
166796 1.493000
166797 5.519500
166798 5.530500
166799 1.380000
166800 2.178500
166801 2.995000
166802 3.745000
166811 5.153000
166812 4.973500
166813 4.347500
166814 4.874500
166815 5.104000
166816 4.723000
166817 2.427500
166818 3.115500
166819 4.604000
166820 4.014000
166821 4.330000
166822 4.269500
166823 4.148000
166824 4.260000
166825 4.290000
166826 4.470500
166827 2.551000
166828 4.950500
166829 3.217500
166830 4.531500
166831 4.714000
166832 5.010500
166833 4.361000
166840 4.943500
166841 5.510000
166842 5.408500
166843 5.544000
166844 5.540500
166845 5.541000
166846 nan
166847 5.536500
166848 5.538000
166849 nan
166850 5.285500
166851 5.538000
166852 5.523000
166853 5.537000
166854 5.525000
166855 4.358000
166856 5.801500
166857 5.511500
166858 5.511500
166859 5.529500
166860 5.385500
166861 4.085500
166862 4.794000
166863 4.604000
166867 3.147000
166868 6.691000
166869 4.385000
166870 4.471000
166871 1.495000
166872 4.049500
166873 4.986500
166874 4.750000
166875 4.468000
166876 5.135500
166877 2.627000
166878 4.144000
166879 3.568500
166880 5.229000
166881 5.416000
166882 4.968000
166883 5.496000
166884 5.113500
166885 5.215500
166886 5.289500
166887 5.663000
166888 5.336000
166889 6.459000
166890 6.092000
166891 5.366000
166892 4.722500
166899 4.058000
166900 6.339000
166901 6.452500
166902 6.458500
166903 6.454500
166904 nan
166905 nan
166906 nan
166907 nan
166908 nan
166909 nan
166911 3.609000
166912 6.521500
166913 5.829000
166914 4.624000
166915 5.382500
166916 6.515000
166917 6.474500
166918 5.378000
166919 5.355000
166920 6.505000
166921 6.523000
166922 6.524500
166923 6.511500
166927 1.052500
166928 1.732000
166929 4.965000
166930 5.034000
166931 4.036000
166932 4.213500
166933 4.217500
166934 4.390500
166935 4.463500
166936 4.218000
166937 4.179500
166938 3.765500
166939 4.085000
166942 2.881500
166943 4.002000
166944 5.266500
166945 5.937500
166946 6.115500
166947 6.175500
166948 6.168500
166949 6.156000
166950 6.081500
166951 6.145000
166952 5.280000
166953 5.249000
167073 nan
167074 nan
167075 nan
167076 nan
167077 nan
167078 nan
167079 nan
167080 nan
167081 nan
167082 nan
167083 nan
167084 nan
167085 2.082000
167086 5.532500
167087 6.057000
167088 3.730000
167089 3.544500
167090 3.581000
167091 3.685500
167092 3.590000
167093 6.399000
167095 5.886500
167097 nan
167106 0.781000
167107 0.785000
167109 nan
167110 nan
167111 nan
167112 nan
167113 nan
167114 nan
167115 nan
167116 5.981000
167117 nan
167118 2.792000
167119 5.980500
167120 5.979500
167129 4.930000
167130 5.945500
167131 5.951500
167132 5.943000
167133 1.688500
167134 5.948000
167135 5.950500
167136 5.947500
167143 5.702000
167144 5.606500
167145 5.966500
167146 4.313000
167147 5.943500
167148 5.914500
167149 5.911500
167150 5.457500
167151 5.844000
167152 5.969500
167153 5.961000
167160 5.975500
167161 5.975000
167162 6.131500
167163 4.929000
167164 5.974500
167165 5.984500
167166 5.978000
167167 5.981000
167168 5.977500
167169 5.982000
167170 5.960500
167172 5.855000
167173 5.903000
167174 5.946000
167175 5.948000
167176 5.944000
167177 5.947000
167179 5.915000
167180 5.908000
167181 5.918500
167182 5.891500
167183 5.886500
167184 5.907000
167185 5.972000
167189 2.108500
167190 5.983500
167192 5.984500
167193 5.989500
167194 5.986500
167195 5.985000
167196 6.062500
167197 6.066000
167198 6.059000
167199 6.050000
167200 6.063000
167201 6.060000
167202 6.068500
167203 6.062000
167204 6.053000
167205 6.066000
167207 6.067500
167208 6.057000
167209 6.069000
167210 6.060000
167211 5.955000
167212 6.064000
167213 6.064500
167214 6.064000
167215 6.067500
167216 6.062000
167217 6.065500
167218 6.060500
167219 6.060500
167220 6.064000
167223 nan
167225 nan
167226 nan
167227 6.078500
167228 nan
167229 6.071500
167230 6.074000
167231 6.081000
167232 nan
167233 nan
167234 nan
167235 nan
167236 6.089000
167237 6.074500
167238 6.080000
167239 nan
167240 nan
167241 nan
167242 nan
167243 nan
167244 nan
167245 5.402500
167246 nan
167247 nan
167251 6.061500
167252 6.041500
167253 6.042000
167254 6.040000
167255 nan
167256 6.055500
167257 6.056000
167258 6.055000
167259 6.054000
167260 6.052000
167261 6.056000
167262 6.020000
167263 5.960500
167264 5.957500
167265 5.901500
167266 5.881500
167267 5.875500
167268 5.944500
167269 2.183000
167270 6.018000
167271 5.910000
167272 5.880500
167273 6.061000
167274 5.941000
167275 6.073500
167276 6.063000
167277 6.229500
167278 5.399500
167279 6.053500
167280 6.064000
167281 nan
167282 5.115000
167283 5.132500
167284 6.022000
167285 6.031500
167286 6.031000
167287 nan
167291 6.039000
167292 5.895500
167293 nan
167294 6.080500
167295 nan
167296 6.080000
167297 6.040500
167298 nan
167299 6.083000
167300 6.075500
167301 5.838500
167302 nan
167303 6.080500
167304 5.647500
167305 6.039500
167306 4.086000
167307 5.917000
167308 6.040500
167309 5.989500
167310 5.840000
167311 nan
167312 5.360000
167313 6.006000
167314 nan
167315 5.882500
167316 5.660500
167317 nan
167318 nan
167319 nan
167320 nan
167321 nan
167322 nan
167323 2.982000
167328 6.056000
167329 nan
167330 nan
167331 nan
167332 nan
167333 3.188500
167334 1.804500
167335 2.166500
167336 1.745500
167337 5.920500
167338 6.024500
167339 2.285500
167340 3.331500
167341 3.054000
167342 5.248500
167343 2.483000
167344 2.549000
167345 1.985500
167346 2.020500
167347 5.747000
167348 6.081000
167349 6.026000
167350 nan
167351 6.019500
167352 5.698500
167353 6.031500
167354 6.078500
167355 5.988500
167356 5.878500
167357 6.019500
167358 6.001000
167359 5.688000
167363 1.165000
167364 6.056500
167365 6.058000
167366 6.085000
167367 6.069000
167368 5.895000
167369 6.038500
167370 6.076500
167371 6.072000
167372 6.076500
167373 6.084000
167374 6.073000
167375 nan
167376 6.074500
167377 6.060500
167378 6.085500
167379 nan
167380 6.056500
167381 6.019500
167382 nan
167383 nan
167384 6.108500
167385 nan
167386 nan
167387 nan
167388 nan
167389 nan
167390 nan
167391 5.887500
167392 5.793500
167393 6.105000
167399 5.810000
167400 6.033000
167401 5.915500
167402 6.003500
167403 5.992500
167404 nan
167405 6.286000
167406 5.851500
167407 5.761500
167408 6.037500
167409 6.245500
167410 6.122000
167411 6.431000
167412 5.784500
167413 6.270000
167414 6.422000
167415 4.748500
167416 6.116500
167417 6.091500
167418 6.418500
167419 6.604000
167420 6.175000
167421 6.260000
167422 nan
167423 6.704500
167424 6.030000
167425 5.985000
167429 4.491000
167430 nan
167431 nan
167432 nan
167433 7.017000
167434 nan
167435 nan
167436 0.874500
167437 7.024000
167438 3.643000
167439 7.026000
167440 nan
167441 6.416000
167443 7.017500
167444 7.021500
167445 4.858000
167447 1.035500
167448 1.205000
167449 7.019000
167450 4.771500
167451 nan
167452 5.169500
167453 7.014500
167454 0.981000
167455 nan
167457 nan
167458 3.964000
167459 1.026500
167460 6.423000
167461 1.085000
167462 1.134000
167463 4.940500
167464 4.361000
167465 4.258500
167469 2.651500
167470 1.151000
167471 1.067500
167472 4.528000
167473 nan
167474 nan
167475 6.229500
167476 4.857500
167477 1.103500
167478 1.078000
167479 1.023000
167480 5.066000
167481 nan
167482 nan
167483 nan
167484 nan
167485 nan
167486 6.176500
167487 2.151500
167488 5.263500
167489 nan
167490 nan
167491 nan
167492 7.078000
167493 7.456500
167494 3.475000
167495 3.144500
167496 6.475000
167497 6.652000
167498 6.485500
167499 7.496500
167500 5.273500
167501 6.858500
167502 nan
167503 4.608500
167504 7.465500
167505 5.826500
167506 8.011000
167516 nan
167517 6.890500
167518 nan
167519 nan
167520 nan
167521 6.090000
167522 6.081000
167523 nan
167524 nan
167525 nan
167526 nan
167527 6.226000
167528 6.031500
167529 6.104500
167530 nan
167531 nan
167532 nan
167533 nan
167534 nan
167535 nan
167536 nan
167537 nan
167538 nan
167539 nan
167540 6.629000
167541 nan
167542 nan
167547 7.356500
167550 2.417000
167551 nan
167552 nan
167553 3.743000
167554 nan
167555 nan
167556 5.318500
167557 5.252000
167558 5.212000
167559 4.379500
167560 0.880500
167561 3.423000
167562 3.829000
167563 6.131500
167564 2.637500
167565 2.802000
167566 2.728000
167567 0.805500
167568 2.812500
167569 2.626500
167570 3.552500
167571 3.285500
167572 5.171500
167575 4.466500
167576 3.984000
167577 4.185000
167578 5.296500
167579 5.978500
167580 4.747000
167586 2.964000
167587 5.068500
167588 5.121000
167589 5.704500
167590 5.072500
167591 5.183500
167592 1.538000
167593 5.516000
167594 1.888500
167595 3.245500
167596 2.210000
167597 2.112000
167598 1.955000
167599 2.006500
167600 3.597500
167601 4.629500
167602 4.356500
167603 6.647500
167605 nan
167606 nan
167607 nan
167608 nan
167610 1.706500
167611 2.525500
167612 4.765500
167614 4.758000
167615 4.073500
167616 1.230000
167617 4.091000
167618 6.069500
167619 4.903000
167621 4.582000
167622 2.769000
168445 2.566500
168446 1.401000
168447 1.766500
168448 2.075000
168449 1.819000
168451 nan
168486 0.806500
168489 0.700500
168492 2.334500
168493 2.310500
168494 2.338500
168495 4.420000
168501 4.675500
168502 6.198000
168503 5.750500
168504 6.795000
168505 4.523500
168506 5.708500
168507 6.388000
168508 6.275000
168509 6.093500
168510 3.061000
168511 6.673000
168512 2.950500
168513 6.265000
168515 7.017000
168516 7.085500
168517 2.801000
168518 7.029500
168519 6.880000
168520 6.250500
168521 6.156000
168522 6.133000
168527 7.123000
168528 6.470500
168529 6.837000
168530 6.847000
168531 6.276500
168532 6.125500
168533 7.124500
168534 5.865000
168536 6.895500
168537 6.930000
168538 6.267500
168539 7.029000
168540 6.137000
168541 6.130000
168542 6.277000
168543 7.024000
168544 6.938000
168545 6.138500
168546 6.149000
168547 6.138500
168548 6.869500
168549 7.007000
168550 6.300500
168551 6.322000
168552 7.005000
168553 6.138000
168554 6.720500
168555 6.684000
168565 7.031500
168567 7.027500
168568 7.028000
168569 7.020000
168570 7.031500
168571 7.028500
168572 6.131000
168574 6.127000
168575 6.908000
168576 6.929000
168577 6.333500
168580 0.440000
168581 1.124000
168584 4.213500
168585 1.186500
168587 6.735500
168588 6.461000
168589 6.089500
168591 5.429500
168592 5.117000
168593 4.216000
168594 5.794500
168595 6.170500
168596 6.363000
168611 6.268000
168612 6.412000
168613 5.564500
168614 6.274500
168615 6.196500
168616 6.244000
168617 6.141500
168618 6.136000
168619 6.267500
168620 6.839500
168621 6.289000
168622 6.145000
168623 5.567500
168624 6.429500
168627 0.930500
168629 4.005500
168630 5.827000
168631 6.026500
168632 5.298000
168633 6.004500
168634 6.024500
168635 6.036000
168636 6.077000
168637 7.045000
168646 5.054500
168647 6.870000
168648 6.865500
168649 6.872000
168650 3.894500
168651 3.363500
168659 6.898000
168660 3.611000
168661 5.298000
168663 5.215500
168664 5.166500
168667 4.140000
168668 5.298000
168669 4.310500
168670 6.134500
168671 4.393500
168672 5.355500
168673 6.275500
168689 6.671000
168690 7.001000
168691 4.396500
168692 6.538000
168693 nan
168694 6.074500
168695 6.033000
168696 5.541500
168699 5.162500
168700 5.211000
168701 5.270500
168702 5.164000
168703 5.335000
168704 6.260000
168705 5.429000
168706 5.663000
168707 5.135000
168708 5.416500
168709 5.316500
168710 5.271000
168711 5.129500
168716 5.768000
168717 nan
168718 2.943500
168719 nan
168727 5.585500
168728 6.295500
168729 6.219500
168730 6.222500
168731 7.000000
168732 6.465500
168733 6.297000
168734 6.230500
168735 4.635000
168736 6.227000
168737 6.678000
168738 5.637500
168739 6.376000
168740 6.350000
168741 2.348000
168742 2.524500
168743 5.989500
168744 5.778500
168745 1.788500
168746 5.780000
168747 3.623500
168748 5.259000
168749 3.873500
168752 6.267500
168753 7.343000
168759 5.937500
168760 5.960000
168761 nan
168762 5.837000
168763 5.731500
168764 5.458500
168765 5.345500
168766 5.747000
168767 5.464500
168768 4.115000
168769 5.901000
168770 5.522000
168771 5.077000
168772 5.853500
168773 5.653000
168774 5.588500
168775 5.422000
168777 4.484000
168778 nan
168779 nan
168780 3.590000
168781 5.065500
168782 4.335500
168783 nan
168784 nan
168792 7.353500
168793 4.795500
168794 4.802500
168795 4.921000
168796 4.944500
168797 3.883500
168798 5.000000
168799 4.969000
168800 6.023500
168803 6.058500
168825 7.358000
168826 0.565500
168827 5.034500
168828 0.563000
168829 5.961500
168830 6.076000
168832 4.611000
168833 0.455500
168834 2.571500
168835 4.411000
168836 5.383000
168837 2.603500
168838 5.262500
168839 5.405000
168840 3.813000
168841 2.507000
168842 1.066500
168843 1.006500
168844 2.402000
168848 7.347500
168849 6.141000
168850 6.167000
168851 6.165000
168867 4.952500
168868 nan
168869 nan
168870 nan
168871 nan
168872 nan
168873 nan
168874 5.116500
168884 3.674000
168885 4.875500
168886 3.455500
168887 5.330000
168888 4.711500
168889 5.335000
168890 5.213000
168891 5.341500
168892 3.710000
168893 3.856000
168894 5.327000
168895 3.281000
168896 4.264500
168897 4.176500
168898 5.337000
168899 4.227000
168900 2.210500
168901 2.837000
168902 5.262000
168903 5.309500
168904 5.312000
168905 5.317000
168906 5.312000
168907 5.307000
168908 5.308000
168909 5.270500
168910 5.337500
168911 5.304500
168912 5.307000
168913 5.307500
168914 5.304000
168915 1.447000
168916 5.331000
168923 7.364500
168924 7.113500
168925 7.115000
168926 7.113500
168927 7.113500
168928 7.118000
168929 7.134500
168930 7.133000
168931 7.148500
168932 7.132500
168933 7.139000
168934 7.125000
168935 7.112000
168936 7.115000
168937 7.118000
168938 7.131000
168939 7.132500
168940 7.113500
168941 7.122000
168942 7.113000
168943 7.114500
168944 7.117500
168945 7.118500
168946 7.117500
168947 7.114500
168948 7.109500
168949 7.104000
168950 7.106000
168951 7.111000
168952 7.093000
168953 7.115500
168954 7.134000
168955 7.139500
168956 7.122000
168957 7.119500
168958 7.135500
168960 2.251500
168961 6.741000
168962 4.568000
168966 7.352000
168967 4.975000
168968 4.070500
168969 5.260000
168970 5.252000
168971 5.252000
168972 5.257000
168973 6.256000
168974 6.255000
168976 5.355000
168977 5.571000
168978 5.059000
168979 5.065000
168980 5.040500
168981 5.323000
168982 6.051500
168983 3.437500
168984 3.831000
168985 3.570000
168986 3.264000
168987 5.157500
168989 2.421500
168990 2.450500
168991 5.523500
168992 5.310000
168993 4.473500
168994 5.304500
168995 5.305500
168996 5.304500
168997 5.305000
168998 5.338000
168999 5.312000
169000 5.305500
169001 5.307000
169002 5.335000
169005 7.348000
169025 5.599500
169026 7.122500
169027 3.110500
169028 7.123500
169029 7.116000
169030 7.118500
169031 7.116000
169032 7.116500
169033 7.116500
169034 7.115500
169035 7.122500
169036 7.122500
169037 7.132500
169038 7.117500
169042 6.638500
169043 6.603500
169044 6.664000
169045 6.576000
169046 6.562500
169047 6.611000
169048 6.662000
169049 6.659500
169050 6.643500
169051 6.721000
169052 6.645000
169057 2.951500
169058 6.651000
169059 6.606500
169060 5.800000
169061 5.691500
169062 6.600500
169063 6.614000
169065 6.598500
169066 6.606000
169067 6.751000
169068 6.805000
169069 7.004000
169070 7.521500
169071 6.564000
169072 7.494000
169073 6.638500
169074 6.616500
169075 6.574000
169076 6.663500
169077 1.858000
169078 6.609500
169079 6.639000
169080 5.424500
169083 5.211500
169084 5.392000
169085 nan
169086 nan
169087 nan
169095 7.330000
169097 nan
169098 nan
169099 nan
169100 nan
169101 nan
169102 nan
169103 nan
169104 nan
169108 nan
169109 nan
169110 nan
169112 nan
169113 nan
169114 5.479500
169115 nan
169116 5.473500
169117 5.473500
169118 5.462000
169119 4.753000
169120 nan
169121 5.445000
169122 5.451000
169123 nan
169124 nan
169125 nan
169126 5.454500
169127 5.459500
169128 5.457000
169129 nan
169130 nan
169131 nan
169132 nan
169133 nan
169280 3.555500
169281 5.512500
169282 5.319500
169283 6.000000
169285 6.873000
169286 5.982000
169287 5.979500
169288 5.167500
169290 4.459000
169292 5.233000
169293 5.625500
169294 5.411000
169296 5.609000
169300 5.604500
169301 5.615000
169302 5.596500
169303 5.605000
169304 5.598500
169305 5.608500
169306 5.598000
169307 5.571000
169309 5.960000
169321 nan
169322 4.469500
169324 3.254500
169325 2.243000
169326 4.919500
169327 6.314500
169328 6.441500
169329 3.420500
169330 2.856500
169331 4.610000
169332 3.215000
169334 3.927000
169335 6.166000
169336 6.442000
169337 6.242000
169338 4.516500
169339 1.389000
169341 3.119000
169342 3.916500
169343 4.230000
169344 5.549500
169345 4.999000
169346 1.002000
169347 5.653500
169348 1.456500
169349 1.493000
169350 3.527500
169351 5.346500
169352 2.306500
169353 2.868500
169354 6.438500
169355 5.639500
169363 5.247000
169364 5.614000
169366 5.727500
169367 5.605500
169368 5.650500
169369 5.639000
169370 5.640000
169371 5.061000
169372 5.625500
169373 4.698500
169374 5.629500
169375 5.635000
169376 3.328000
169377 5.162500
169378 5.612500
169379 5.593500
169380 5.484500
169381 4.387500
169382 5.557500
169383 5.652000
169384 5.637500
169385 5.662500
169387 5.649500
169388 5.183500
169389 5.041000
169390 5.164000
169391 5.063000
169392 4.579500
169406 2.668000
169407 2.680500
169408 5.963500
169409 5.293000
169410 2.869500
169411 5.974500
169412 5.947000
169413 5.983500
169414 1.482000
169415 4.007500
169416 3.136500
169417 1.100000
169418 6.085500
169419 1.801000
169421 2.154000
169422 5.691500
169423 4.703000
169424 5.899000
169425 5.721500
169426 5.886500
169427 3.465000
169428 3.378500
169429 5.225500
169430 6.229500
169431 6.543000
169432 6.444000
169433 6.384000
169434 6.499500
169435 6.499000
169436 4.447500
169437 6.368500
169438 6.370000
169439 6.346000
169440 6.347500
169441 6.366000
169442 6.353000
169449 6.615000
169450 3.725000
169451 nan
169452 2.450000
169453 4.970000
169454 2.074000
169455 4.576500
169456 2.442000
169457 2.715000
169458 4.195500
169459 6.059000
169460 7.055000
169461 6.704500
169462 5.569000
169463 4.579500
169464 nan
169465 4.134500
169466 4.256000
169467 3.951500
169468 3.817500
169469 3.389000
169470 5.071000
169471 7.001500
169472 3.930500
169473 4.634500
169474 4.408000
169475 5.240500
169476 4.321000
169477 3.716000
169478 4.509500
169479 4.030500
169493 6.977500
169494 7.167000
169495 7.020000
169496 6.970500
169497 6.893000
169498 6.935500
169499 7.146500
169500 6.808000
169501 6.914000
169502 5.220500
169503 4.353500
169504 4.867500
169505 4.688500
169506 4.720000
169507 4.304000
169508 6.181000
169509 5.734500
169510 5.806000
169511 0.972000
169512 6.039000
169513 6.259500
169514 6.704500
169515 6.110500
169516 7.004500
169517 nan
169524 7.376000
169525 2.429500
169527 3.088500
169528 7.421000
169529 3.861500
169530 3.706000
169531 3.828000
169532 4.420500
169536 2.943500
169537 5.290000
169538 7.508000
169539 7.458500
169540 3.117000
169541 6.707500
169542 2.442500
169543 5.284500
169544 2.571500
169545 4.103000
169546 7.441000
169547 6.676500
169548 7.443000
169549 2.565500
169550 3.052500
169551 6.699500
169552 3.003500
169553 3.018000
169568 5.442500
169569 7.016000
169570 5.838000
169571 7.018000
169572 7.018500
169573 7.004000
169574 6.941500
169582 7.346000
169583 6.441000
169588 6.474500
169589 6.599000
169590 7.009500
169591 nan
169592 6.999500
169593 7.009000
169594 7.009500
169595 7.003500
169596 6.998500
169597 7.009000
169598 7.015500
169599 7.010500
169600 7.013000
169601 6.765000
169602 6.693500
169603 6.681000
169604 7.011000
169605 6.997000
169606 7.013500
169607 7.008500
169608 7.012000
169614 6.630000
169615 4.611000
169616 nan
169617 7.135000
169618 7.133000
169619 6.549500
169620 6.573500
169621 7.117500
169622 7.120000
169623 7.119500
169624 7.121000
169625 7.117500
169626 7.117500
169627 7.119500
169628 7.121500
169629 7.116500
169630 7.118000
169631 7.118000
169632 nan
169633 7.131000
169634 7.131000
169635 6.617000
169636 7.185500
169637 7.135000
169638 6.630500
169639 6.636500
169640 7.155500
169642 1.422500
169643 nan
169644 6.902000
169645 nan
169646 6.915000
169691 5.844000
169828 5.675500
169829 5.332000
169830 2.158500
169832 2.264000
169835 5.586500
169836 5.529500
169840 2.106000
169841 5.224000
169842 3.251000
169843 2.274000
169844 2.781000
169845 5.581500
169846 5.583500
169847 5.585500
169848 4.362500
169849 5.604500
169850 4.832000
169851 5.612500
169852 5.663000
169853 3.894000
169854 3.979000
169855 5.064500
169856 5.657500
169857 4.012000
169858 5.615500
169859 5.580500
169860 5.608000
169861 5.639500
169862 5.599500
169863 5.624000
169864 2.987000
169865 5.635000
169866 5.626500
169867 5.596500
169868 5.639000
169869 5.664500
169870 5.109500
169871 5.019500
169872 5.668500
169873 5.537500
169874 3.020000
169875 5.627500
169876 5.362500
169877 5.609000
169885 2.170000
169886 1.947000
169887 6.067000
169888 nan
169889 1.278000
169890 4.198000
169891 5.201500
169892 7.007500
169893 3.110500
169894 3.882500
169895 4.042000
169896 5.103000
169897 4.820500
169898 6.839500
169899 6.408500
169900 4.332000
169901 3.977000
169902 3.201500
169903 4.579500
169904 3.088000
169905 3.606000
169906 5.429000
169907 4.091000
169908 6.045000
169909 4.136500
169910 4.763000
169915 6.768500
169916 6.381000
169917 1.988500
169918 6.678000
169919 6.561500
169920 6.673000
169921 6.376500
169922 6.622500
169923 6.555000
169924 6.630500
169925 6.950500
169926 7.016000
169927 7.013000
169928 7.009500
169929 7.011500
169930 7.011000
169931 6.754000
169932 7.020500
169933 7.019000
169934 7.013000
169935 3.612500
169936 7.023500
169937 7.005500
169938 6.705000
169939 6.072500
169940 6.584000
169941 7.014000
169942 6.718000
169943 7.024500
169944 7.015000
169945 3.993000
169946 7.020500
169951 7.339000
169952 6.157000
169953 2.030500
169954 6.094500
169955 2.077000
169956 2.195500
169957 2.453000
169958 6.061000
169959 6.183000
169960 5.493000
169961 5.689500
169962 2.139000
169963 6.804500
169964 5.716500
169965 5.749500
169966 5.663500
169967 5.670000
169968 5.731500
169969 5.809000
169970 2.540500
169971 5.802000
169972 1.919500
169973 6.391000
169974 3.738000
169975 3.693000
169976 4.554500
169977 6.991500
169978 2.960000
169979 7.214500
169980 1.931500
169981 6.905500
169987 2.126500
169988 3.920500
169989 7.021500
169990 6.209500
169991 2.884500
169992 6.560000
169993 6.571500
169994 5.655000
169995 4.017000
169996 6.610500
169997 7.030000
169998 6.889500
169999 4.533500
170000 5.668500
170001 6.678500
170002 6.620500
170003 6.283000
170004 4.583500
170005 5.485000
170006 5.230500
170007 7.014000
170008 6.568000
170009 7.028500
170011 4.646000
170012 5.403000
170013 4.700500
170014 4.682000
170015 4.441000
170016 3.845000
170017 4.524500
170018 4.508000
170019 4.854500
170020 4.671000
170021 4.881000
170036 5.898000
170037 5.555500
170038 5.648000
170039 5.643500
170040 5.648000
170041 5.637000
170042 5.644000
170043 5.454000
170044 5.662000
170045 5.678000
170046 5.675000
170047 5.680500
170048 5.647000
170049 5.692500
170050 5.692000
170051 5.677500
170052 5.663500
170053 5.622000
170054 5.754000
170055 5.802500
170059 7.336000
170060 nan
170061 4.617000
170062 3.374500
170063 5.709000
170064 nan
170065 6.806000
170066 5.524500
170067 3.344500
170068 nan
170069 6.982000
170070 5.529000
170071 5.772000
170072 5.925000
170073 6.428000
170074 4.681500
170075 4.981500
170076 5.368500
170077 6.764000
170078 4.984500
170079 6.650500
170080 7.358000
170084 4.229500
170085 5.714500
170086 6.661500
170087 6.957500
170088 5.776000
170089 6.103000
170090 5.794000
170091 6.105500
170092 6.339000
170093 1.861500
170094 5.598500
170095 5.463500
170096 5.352000
170097 3.670500
170098 3.793500
170104 5.149500
170105 nan
170106 6.637000
170107 5.534500
170109 5.072500
170110 nan
170111 nan
170112 6.203500
170113 5.444500
170114 6.956500
170116 1.721500
170117 1.477500
170118 1.539000
170119 1.555000
170120 2.258500
170121 4.509000
170122 2.773500
170123 3.115000
170124 5.161500
170125 2.835000
170126 3.150500
170127 2.734500
170145 5.365000
170146 5.651000
170147 2.134000
170148 2.950500
170149 7.023000
